0.632351
0.285636
0.209457
0.212275
0.195851
0.194743
0.183958
0.174558
0.19038
0.151697
0.19497
0.196904
0.184871
0.172209
0.173519
0.159072
0.148403
0.256167
0.180065
0.177454
0.208786
0.185504
0.166185
0.21377
0.183997
0.172584
0.209115
0.212952
0.198348
0.175386
0.215677
0.190483
0.160542
0.150494
0.139697
1.970798
0.207989
0.181129
0.211597
0.187768
1.483761
0.218158
0.229453
0.186191
0.208997
0.217098
0.249156
0.202089
0.199231
0.244844
0.188717
0.210477
0.238017
0.222956
0.205079
0.179838
0.240639
0.21432
0.206492
0.189406
0.17991
0.182984
0.184196
0.152767
0.166256
0.21881
0.194668
0.190216
0.225439
0.232676
0.22523
0.192946
0.194384
0.250836
0.211309
0.197848
0.192739
0.167532
0.190523
0.243757
0.188396
0.189483
0.207485
0.203202
0.236325
0.238899
0.167371
0.840234
0.218679
0.191453
0.179231
0.217753
0.214993
0.186423
0.201775
0.223858
0.220208
0.243903
0.206788
0.240285
0.227861
0.241422
0.185428
0.231094
0.221547
0.202629
0.232345
0.20395
0.178309
0.192487
0.209284
0.262137
0.224779
2.442175
0.257967
0.199564
0.175768
0.205215
0.219909
0.240052
0.209432
0.223773
0.207726
0.20775
0.195767
0.201401
0.489254
0.275094
0.228587
0.339536
0.527854
1.569983
0.235256
0.216948
0.217103
0.215912
0.17634
0.169554
0.168203
0.227467
0.207117
0.192686
0.2024
0.212623
0.175613
0.223832
0.203822
0.216412
3.509704
0.221954
0.247526
0.238862
0.233739
0.217972
0.22515
0.202319
0.206091
0.212957
0.178734
0.233437
0.217118
0.229385
0.184125
0.271111
0.195374
0.222155
0.229041
0.218059
0.179477
0.17984
0.234501
0.22878
0.16807
0.290838
0.205344
0.189308
0.241685
0.262372
0.23425
0.19231
0.176201
0.231277
0.234571
0.206835
0.240364
0.234959
0.182988
0.247216
0.198851
0.199422
0.214559
0.196085
0.18957
0.212252
0.177933
0.177443
0.22433
0.200433
0.224187
0.189684
0.224372
0.278856
0.269693
0.208731
0.197247
0.197678
0.205654
0.177193
0.231709
0.252755
0.204656
0.23602
0.200756
0.230052
0.220594
0.231277
0.192179
0.230861
0.186992
0.200314
0.233557
0.186016
0.213269
0.234454
0.208964
0.242338
0.234164
0.200935
0.252138
0.211385
0.22599
0.260991
0.191445
0.223015
0.151497
0.190781
0.194387
0.224372
0.214852
0.21219
0.206095
0.231721
0.222764
0.204712
0.289344
0.195759
0.213163
0.177116
0.212603
0.179839
0.191214
0.243809
0.227153
0.203904
0.188102
0.247937
0.210171
0.200601
0.215828
0.210925
0.210459
0.155873
0.174095
0.192318
0.196884
0.205427
0.199003
0.212231
1.922816
0.156335
0.126755
0.13668
0.10741
0.112093
0.160832
0.11084
0.135146
0.145466
0.129317
0.122894
0.113706
0.117062
0.117703
0.12498
0.100632
0.128898
0.102152
0.112296
0.115185
0.116096
0.097314
0.126439
0.097168
0.113638
0.114746
0.115281
0.113722
0.134773
0.098894
0.750503
0.108884
0.121444
0.109074
0.109525
0.103544
0.106162
0.110393
0.115684
0.110051
0.115915
0.11194
0.089296
0.118145
0.101497
0.112825
0.100452
0.110931
0.105382
0.099997
0.085447
0.114582
0.071143
0.082256
0.063646
0.054585
0.075018
0.072143
0.05515
0.073472
0.060515
0.05909
0.065945
0.066949
0.072205
0.067757
0.076197
0.065134
0.060583
0.080904
0.066654
0.058726
0.101509
0.057873
0.066933
0.077534
0.090649
0.065148
0.072178
0.07186
0.071971
0.073679
0.069811
0.06422
0.063416
0.070173
0.075448
0.063856
0.06232
0.082525
0.065472
0.065773
0.060348
0.064539
0.063857
0.066426
0.068658
0.067349
0.085088
0.062051
0.077806
0.068633
0.060682
0.050935
0.066558
0.060125
0.060383
0.073204
0.071496
0.069987
0.069062
0.071815
0.057361
0.084031
0.075697
0.064279
0.066072
0.071795
0.069631
0.072337
0.082918
0.102918
0.073444
0.06209
0.128094
0.068385
0.066913
0.055788
0.062356
0.068209
0.060799
0.063782
0.083349
0.071622
0.054496
0.068714
0.072247
0.065839
0.055871
0.055534
0.055927
0.059369
0.059598
0.07129
0.078768
0.059714
0.063983
0.054603
0.06284
0.06593
0.057496
0.06505
0.051509
0.054896
0.055481
0.139452
0.064928
0.073254
0.062896
0.060071
0.061578
0.066288
0.066253
0.059704
0.072161
0.10637
0.099377
0.089958
0.092192
0.105672
0.127473
0.099977
0.08555
0.106946
0.074964
0.102528
0.09228
0.099029
0.100453
0.070681
0.101112
0.073919
0.090168
0.087272
0.102248
0.088209
0.086914
0.077912
0.072565
0.098998
0.110072
0.086357
0.094171
0.08872
0.108611
0.094345
0.101289
0.085574
0.077193
0.09111
0.091672
0.082114
0.092476
0.101634
0.092931
0.096516
0.082426
0.087104
0.160289
0.105203
0.088284
0.102534
0.076254
0.11261
0.078478
0.089623
0.091216
0.10658
0.113992
0.094998
0.095863
0.094458
0.091871
0.10569
0.101423
0.085005
0.119669
0.08121
0.100785
0.091541
0.098321
0.105533
0.103213
0.100589
0.085633
0.091871
0.108609
0.091209
0.094935
0.11329
0.091977
0.096723
0.089784
0.115672
0.072507
0.105047
0.101839
0.092663
0.104099
0.096575
0.083264
0.095168
0.086217
0.112725
0.083807
0.102745
0.106115
0.079212
0.087314
0.158937
0.139182
0.08552
0.092275
0.085917
0.089752
0.092086
0.08061
0.121979
0.107161
0.082695
0.100832
0.112633
0.090253
0.10311
0.098709
0.090156
0.094507
0.081319
0.116583
0.114765
0.110851
0.114876
0.093469
0.095316
0.078508
0.118922
0.086787
0.104907
0.088815
0.087415
0.089741
0.08918
0.097687
0.103372
0.08278
0.100209
0.10041
0.151297
0.158318
0.091682
0.091106
0.092681
0.090392
0.097061
0.085575
0.105942
0.099844
0.092265
0.084932
0.088099
0.074169
0.111952
0.100213
0.124911
0.088542
0.085381
0.107663
0.116603
0.083922
0.094505
0.087426
0.104653
0.108964
0.096339
0.102899
0.11926
0.081294
0.104743
0.116346
0.082371
0.101347
0.107642
0.113615
0.088839
0.110829
0.093964
0.087434
0.090882
0.09393
0.103442
0.095559
0.108779
0.120746
0.080322
0.098461
0.096907
0.106667
0.113312
0.11355
0.085321
0.113945
0.104659
0.094854
0.086317
0.108308
0.09793
0.08826
0.130597
0.10605
0.098063
0.088711
0.090848
0.101452
0.109137
0.107737
0.095383
0.101111
0.101899
0.107394
0.125623
0.116633
0.091577
0.086851
0.096674
0.102059
0.107413
0.095386
0.119516
0.093762
0.104428
0.116677
0.12463
0.088092
0.098977
0.082662
0.085565
0.087927
0.094784
0.130719
0.08098
0.101568
0.106217
0.098573
0.113646
0.10139
0.110785
0.105851
0.085375
0.089956
0.106324
0.110237
0.106495
0.098111
0.11383
0.107076
0.09117
0.111304
0.101355
0.10242
0.100543
0.121784
0.100883
0.085983
0.083109
0.110584
0.118249
0.092209
0.12331
0.113622
0.099615
0.089815
0.125161
0.102752
0.098623
0.107135
0.116673
0.096962
0.092238
0.104027
0.093641
0.103214
0.098848
0.092413
0.104081
0.100779
0.123566
0.116028
0.088251
0.091283
0.100207
0.111566
0.09998
0.107302
0.103655
0.089345
0.101298
0.104521
0.093668
0.122523
0.13778
0.083973
0.090064
0.086496
0.09076
0.089563
0.101804
0.075265
0.09034
0.094796
0.088187
0.121514
0.093525
0.111752
0.108887
0.085985
0.100289
0.106741
0.105092
0.106879
0.091662
0.117938
0.084058
0.10903
0.075336
0.115132
0.087134
0.094915
0.088885
0.080425
0.112071
0.09744
0.079028
0.081556
0.100909
0.09258
0.108063
0.092912
0.09315
0.110073
0.087528
0.100072
0.08605
0.09179
0.09626
0.083603
0.105921
0.108875
0.111658
0.103295
0.115505
0.099245
0.107519
0.098656
0.108998
0.091889
0.099837
0.093142
0.104885
0.096415
0.114612
0.08772
0.094305
0.104071
0.118138
0.113749
0.102119
0.10082
0.106572
0.11063
0.134381
0.105759
0.094
0.09986
0.094745
0.103306
0.081429
0.104447
0.077355
0.094109
0.089336
0.097642
0.103533
0.090173
0.112559
0.081709
0.113322
0.102551
0.107086
0.097838
0.09808
0.101128
0.101474
0.111201
0.113705
0.098775
0.112804
0.117402
0.090474
0.097005
0.121479
0.080778
0.080896
0.1184
0.097979
0.115364
0.117365
0.105766
0.127325
0.098788
0.096486
0.087241
0.107024
0.116442
0.108518
0.105569
0.086535
0.121767
0.110199
0.111939
0.103405
0.135688
0.104349
0.098605
0.10503
0.111256
0.125053
0.097484
0.091166
0.115741
0.094483
0.093663
0.089236
0.103965
0.079831
0.097613
0.133831
0.112378
0.120556
0.152443
0.106021
0.08052
0.097712
0.081652
0.115883
0.101222
0.098506
0.097075
0.117863
0.109959
0.113041
0.111148
0.115489
0.097363
0.09474
0.103833
0.107143
0.099386
0.106233
0.108385
0.094079
0.099936
0.107094
0.100832
0.1119
0.105138
0.123061
0.097584
0.106656
0.089267
0.115899
0.097723
0.101768
0.102788
0.109756
0.11649
0.105315
0.093414
0.103841
0.135166
0.092939
0.094901
0.114433
0.140713
0.099549
0.119868
0.09716
0.104233
0.085325
0.107564
0.138766
0.098542
0.104461
0.091434
0.112474
0.093715
0.087772
0.104493
0.085107
0.100428
0.117199
0.102155
0.105773
0.096011
0.112358
0.118851
0.085652
0.160219
0.099182
0.108575
0.090093
0.094878
0.111007
0.08203
0.110919
0.113219
0.107913
0.116478
0.110052
0.101703
0.112669
0.090475
0.081919
0.114561
0.092791
0.096532
0.107121
0.124277
0.113726
0.106534
0.087727
0.114035
0.105593
0.101567
0.10139
0.104815
0.133803
0.112119
0.11353
0.10148
0.099339
0.119238
0.091315
0.093904
0.103372
0.105551
0.133928
0.132403
0.120055
0.087259
0.108794
0.116674
0.104227
0.090488
0.12242
0.086065
0.120627
0.111052
0.106579
0.098972
0.122349
0.099256
0.105846
0.100207
0.107938
0.092133
0.113882
0.097585
0.158271
0.116818
0.124206
0.1256
0.120505
0.094716
0.155031
0.102025
0.113249
0.086856
0.097366
0.099643
0.228467
0.126004
0.111141
0.109122
0.113817
0.120827
0.108441
0.10122
0.096645
0.103822
0.100578
0.092887
0.105963
0.11154
0.10885
0.094909
0.087231
0.099042
0.110909
0.116272
0.091639
0.09956
0.101858
0.097369
0.114915
0.102307
0.098132
0.098575
0.105322
0.133692
0.116527
0.103277
0.197271
0.091246
0.08888
0.123763
0.106232
0.117994
0.099228
0.09174
0.096895
0.11179
17.8792
0.098714
0.098518
0.084182
0.147732
0.074759
0.091682
0.115556
0.115059
0.091632
0.110987
0.100933
0.074889
0.085212
0.088747
0.077304
0.085322
0.085227
0.095732
0.096981
0.078543
0.095981
0.095895
0.10488
0.100941
0.087979
0.094713
0.096232
0.087245
0.084332
0.09188
0.124184
0.06972
0.102558
7.920692
0.127832
0.112724
0.0942
0.094128
0.093776
0.085969
0.102362
0.099526
0.115767
0.116924
0.090111
0.091934
8.883543
0.138708
0.123213
0.105129
0.093298
0.115548
0.098284
0.099246
0.116231
0.123876
0.126594
0.131077
0.119331
0.090254
0.118682
0.102261
0.135902
0.115434
0.110601
0.125232
0.118201
0.10539
0.108173
0.118627
0.111375
3.524001
0.118751
0.1058
0.098389
0.115972
0.089943
0.128919
0.10962
0.101657
0.100408
0.08615
0.12226
0.0945
0.118591
0.081157
0.101472
0.097853
0.101644
0.087994
0.099041
0.107323
0.103419
0.089886
0.106139
0.081815
0.105245
0.097199
0.109165
0.087448
0.095255
0.137633
0.094933
0.090575
0.105581
0.088311
0.091104
0.089061
0.088318
0.100308
0.094245
0.110217
0.118926
9.931767
0.140638
0.109089
0.107915
0.110935
0.126986
0.108229
0.116955
0.115192
0.102492
0.099909
0.10381
0.102743
0.113115
0.127752
0.109812
0.110132
0.107123
0.11912
0.107167
0.108535
0.088026
0.105979
0.103715
0.101277
0.108837
0.125954
0.115948
0.113178
0.118297
0.101379
0.13111
0.105178
0.103124
0.107053
0.116428
0.104207
0.104781
0.132528
0.106796
0.111736
0.114949
0.104466
0.114766
0.128619
0.09239
0.087892
0.123452
0.106231
0.0933
0.111832
0.101528
0.100871
0.119549
0.135368
0.103424
0.09475
0.109839
0.113706
0.093383
0.122065
0.120299
0.099995
0.123315
0.108474
0.094625
0.111153
0.115026
0.114327
0.114019
0.110774
0.110125
0.120374
0.09279
0.099558
0.100705
0.101263
0.109576
0.104137
0.093177
0.109821
0.092801
0.108451
0.114709
0.098264
0.110998
0.084689
0.104056
0.120347
0.103059
0.121196
0.107173
0.094154
0.097443
0.095476
0.107527
0.257043
0.091441
0.108775
0.118469
0.10785
0.123524
0.101116
0.088284
0.109079
0.098758
0.125557
0.091517
0.109765
0.089492
0.13836
0.105338
0.136091
0.092765
0.090334
0.128748
0.099324
0.121857
0.113015
0.113622
0.118547
0.107632
0.116735
0.094943
0.093996
0.116122
0.107799
0.135621
0.085927
0.114339
0.096952
0.118365
0.12421
0.112976
0.103634
0.129409
0.134485
0.100921
0.127176
0.121091
0.112542
0.111014
0.105259
0.115199
0.113358
0.121192
0.107292
0.131328
0.115554
0.1069
0.090969
0.088549
0.103561
0.100918
0.134133
0.117388
0.092895
0.096007
0.119912
0.116351
0.111548
0.124352
0.103836
0.096967
0.111774
0.12649
0.107361
0.115863
0.099095
0.104837
0.10042
0.107305
0.088752
0.094234
0.096581
0.100988
0.108758
0.092377
0.099574
0.106825
0.406013
0.274182
0.123307
0.110382
0.109439
0.111103
0.103065
0.126426
0.107944
0.106749
0.113389
0.121511
0.105767
0.102812
0.108892
0.112005
0.116796
0.097317
0.104299
0.083568
0.101836
0.103497
0.10082
0.130892
0.123703
0.10137
0.107301
0.109517
0.135619
0.101965
0.097138
0.090444
0.111172
0.121409
0.112455
0.103668
0.090834
0.096154
0.111684
0.126847
0.126476
0.097662
0.114706
0.164433
0.112962
0.124182
0.095907
0.092516
0.100443
0.107412
0.105709
0.115107
0.097462
0.11229
0.102455
0.118485
0.129091
0.109992
0.098804
0.109171
0.102792
0.108249
0.134707
0.132258
0.089468
0.119362
0.086893
0.155131
0.117882
0.117436
0.097288
0.105883
0.098677
0.118749
0.128184
0.11708
0.101853
0.109658
0.119618
0.111502
0.100116
0.120999
0.108635
0.085867
0.10228
0.104929
0.094969
0.093772
0.10965
0.090292
0.102802
0.102562
0.102012
0.109572
0.133817
0.114306
0.098987
0.108476
0.11158
0.127022
0.10231
0.113238
0.128241
0.119208
0.110825
0.101491
0.125121
0.114256
0.099978
0.110439
0.096067
0.112852
0.107638
0.128162
0.096414
0.098212
0.113724
0.113452
0.118869
0.101015
0.108291
0.107963
0.125549
0.095568
0.1114
0.090625
0.090473
0.090997
0.11723
0.095225
0.101895
0.086822
0.106208
0.112252
0.104682
0.140638
0.133031
0.103542
0.105811
0.130551
0.101413
0.109302
0.088017
0.118711
0.084578
0.093896
0.11261
0.132299
0.103946
0.104627
0.109277
0.113541
0.099613
0.100368
0.119561
0.085354
0.089423
0.105228
0.11401
0.092814
0.123662
0.087246
0.112621
0.12563
0.114311
0.105267
0.134776
0.100524
0.099577
0.100154
0.095491
0.091099
0.104217
0.093668
0.092929
0.110511
0.130244
0.09979
0.129794
0.119258
0.111932
0.115256
0.101994
0.112403
0.106961
0.11567
0.104505
0.105407
0.116115
0.106221
0.12478
0.107753
0.151821
0.084309
0.099915
0.121906
0.115284
0.133204
0.136264
0.091455
0.106709
0.11223
0.105673
0.094631
0.1069
0.097268
0.129624
0.113458
0.104978
0.111147
0.117105
0.107671
0.118213
0.09989
0.123359
0.114723
0.095281
0.106532
0.116808
0.099747
0.123439
0.087368
0.096992
0.122513
0.092388
0.126158
0.104919
0.109174
0.104328
0.11913
0.111752
0.127383
0.102026
0.103369
0.09365
0.08876
0.096396
0.108703
0.111514
0.090203
0.103083
0.103952
0.107513
0.119781
0.095212
0.110429
0.109694
0.112358
0.112595
0.081457
0.093254
0.098944
0.119347
0.095287
0.126425
0.115076
0.084768
0.109153
0.109758
0.101649
0.093113
0.106171
0.109108
0.104404
0.113769
0.092471
0.087434
0.121621
0.114779
0.110625
0.097922
0.118018
0.120243
0.112314
0.092331
0.104717
0.092809
0.112867
0.099822
0.099363
0.125389
0.104916
0.125948
0.122785
0.095133
0.099032
0.118154
0.098824
0.121169
0.104085
0.104557
0.102659
0.109342
0.137932
0.130986
0.118171
0.114201
0.113072
0.102119
0.113388
0.117436
0.109906
0.1079
0.117445
0.113716
0.142864
0.115171
0.127571
0.105327
0.111346
0.131045
0.098692
0.104039
0.115003
0.104487
0.124773
0.109782
0.141502
0.115348
0.095976
0.128793
0.09918
0.11417
0.13229
0.099503
0.103932
0.099092
0.109219
0.103573
0.120359
0.107767
0.131447
0.103876
0.097428
0.113619
0.116333
0.083223
0.102245
0.103864
0.08408
0.100873
0.116174
0.11401
0.117129
0.115174
0.103145
0.197707
0.102482
0.10774
0.12405
0.104061
0.113748
0.10405
0.086865
0.109166
0.118436
0.118944
0.097686
0.136108
0.10876
0.108253
0.107256
0.099028
0.099269
0.11315
0.106745
0.130439
0.113498
0.110028
0.127569
0.110353
0.115049
0.113226
0.105478
0.083981
0.097244
0.104704
0.107589
0.104349
0.129265
0.102255
0.119447
0.100617
0.119929
0.105544
0.106048
0.09955
0.095742
0.099276
0.105475
0.125054
0.111908
0.104432
0.106693
0.126777
0.110232
0.108366
0.087328
0.123663
0.116154
0.084953
0.208724
0.11494
0.105722
0.12616
0.120662
0.10711
0.081457
0.089483
0.096603
0.107453
0.116323
0.111543
0.111545
0.097317
0.103344
0.119228
0.112623
0.120232
0.087247
0.092128
0.091916
0.129387
0.10137
0.13749
0.105132
0.121251
0.106812
0.111706
0.117843
0.099988
0.106524
0.126293
0.087529
0.097795
0.098755
0.108947
0.100269
0.11009
0.129998
0.134234
0.094936
0.120208
0.107439
0.116351
0.091338
0.109944
0.175543
0.088617
0.081944
0.112966
0.101633
0.116271
0.09702
0.113865
0.10238
0.100326
0.109785
0.112595
0.120871
0.133048
0.123163
0.132905
0.088636
0.143128
0.09245
0.115324
0.086039
0.089883
0.093619
0.106486
0.098884
0.105777
0.115707
0.113228
0.116738
0.108595
0.101555
0.112269
0.090974
0.118569
0.112109
0.11052
0.111894
0.141378
0.117074
0.088022
0.11053
0.136167
0.098245
0.135235
0.117794
0.103152
0.109352
0.14193
0.101534
0.113317
0.095347
0.119057
0.110643
0.137544
0.114888
0.112488
0.130167
0.091827
0.123705
0.1165
0.108834
0.11119
0.128346
0.128099
0.119154
0.120344
0.124632
0.117531
0.108474
0.094106
0.086914
0.122037
0.081146
0.097021
0.109371
0.094896
0.106265
0.106647
0.10622
0.115827
0.097882
0.098945
0.131507
0.100856
0.103501
0.102912
0.121852
0.089883
0.097871
0.125783
0.111761
0.108263
0.115993
0.125734
0.120101
0.132741
0.118369
0.128233
0.119146
0.105092
0.10173
0.116391
0.107432
0.103897
0.118415
0.128558
0.132419
0.10079
0.090684
0.147772
0.099925
0.107243
0.107358
0.080684
0.118733
0.102325
0.108286
0.114268
0.107205
0.09675
0.095844
0.118366
0.106279
0.084924
0.121815
0.122836
0.100337
0.105784
0.110289
0.108917
0.102788
0.111953
0.101375
0.12773
0.138862
0.118313
0.108405
0.090169
0.101251
0.100324
0.092316
0.110596
0.10512
0.115476
0.104321
0.117204
0.112445
0.11121
0.119499
0.113638
0.097221
0.128632
0.106065
0.124261
0.117417
0.072486
0.121676
0.110114
0.103954
0.102197
0.111293
0.113991
0.097686
0.095063
0.111454
0.093428
0.127045
3.711306
0.143365
0.106056
0.11341
0.126363
0.118207
0.110626
0.118515
0.943217
0.114203
0.100979
0.127228
0.109236
0.117547
0.103193
0.103535
0.111537
0.103233
0.112403
0.096194
0.108899
0.096915
0.168602
0.097378
0.113947
0.115121
0.116304
0.102012
0.121779
0.108749
0.124271
0.100101
0.10929
0.130128
0.106132
0.117941
0.184232
0.139239
0.119299
0.102352
0.112654
0.12925
0.110872
0.093387
0.099546
0.089142
0.117528
0.115501
0.124021
0.111899
0.096398
0.095097
0.125263
0.107052
0.104689
0.12188
0.113608
0.104951
0.100018
0.123704
0.105871
0.098976
0.128007
0.133784
0.112845
0.128195
0.08884
0.118428
0.096733
0.099821
0.111434
0.110593
0.100639
0.112948
0.089471
0.119366
0.116995
0.092741
0.117711
0.105167
0.107373
0.110847
0.110791
0.112088
0.114336
0.103803
0.100843
0.122775
0.096102
0.11302
0.115014
0.113177
0.127011
0.126187
0.120941
0.131802
0.109012
0.114622
0.097631
0.084486
0.104205
0.09841
0.11667
0.11709
0.1157
0.101833
0.117719
0.13406
0.110702
0.098408
0.113758
0.115752
0.095478
0.119272
0.100803
0.118778
0.113074
0.083779
0.100187
0.098653
0.121237
0.110367
0.129723
0.096944
0.091568
0.115547
0.098762
0.12531
0.107863
0.117809
0.099877
0.114324
0.104157
0.123808
0.100894
0.099383
0.116007
0.112995
0.099902
0.107504
0.104806
0.10579
0.095519
0.1103
0.136347
0.107847
0.10194
0.087941
0.099805
0.093458
0.123061
0.093619
0.114706
0.100534
0.084238
0.084746
0.100532
0.110377
0.072749
0.083417
0.091711
0.108449
0.092339
0.093204
0.09814
0.08568
0.102942
0.093704
0.079629
0.093201
0.083602
0.095027
0.08596
0.096562
0.073316
0.110784
0.087426
0.096893
0.130312
0.088771
0.091
0.099398
0.089003
0.083488
0.082295
0.083059
0.082167
0.101268
0.106314
0.093881
0.089161
0.107127
0.117907
0.110762
0.115471
0.108244
0.092874
0.112715
0.089291
0.084502
0.120836
0.107799
0.089149
0.118148
0.107801
0.087881
0.1099
0.102082
0.103526
0.118336
0.096892
0.087544
0.102082
0.101253
0.114714
0.092279
0.092823
0.10272
0.087543
0.098969
0.094993
0.078495
0.07716
0.106733
0.081045
0.097367
0.104808
0.097411
0.08219
0.080245
0.105722
0.100294
0.091739
0.094275
0.097603
0.104189
0.07853
0.076716
0.090118
0.081383
0.089737
0.11495
0.115997
0.084995
0.091211
0.096866
0.105193
0.084276
0.099826
0.094993
0.095609
0.103393
0.107398
0.112216
0.0874
0.086626
0.084832
0.069857
0.106191
0.100069
0.086902
0.103961
0.091532
0.089151
0.100226
0.111805
0.090957
0.088789
0.089329
0.089454
0.09286
0.104115
0.088968
0.102873
0.091659
0.093667
0.081105
0.060834
0.101146
0.104088
0.100748
0.088801
0.11777
0.126613
0.101256
0.108531
0.108302
0.103725
0.097952
0.108348
0.102517
0.105327
0.093861
0.116731
0.142136
0.095288
0.110261
0.141041
0.151893
0.115741
0.103587
0.093399
0.093395
0.100366
0.112466
0.119355
0.112397
0.134657
0.104092
0.088931
0.113171
0.111633
0.12028
0.112966
0.100158
0.128376
0.138705
0.115234
0.095078
0.121686
0.09865
0.094266
0.123177
0.104673
0.117562
0.113193
0.124652
0.128973
0.101713
0.116336
0.112034
0.122271
0.117494
0.112365
0.122756
0.129368
0.106181
0.104752
0.126727
0.120341
0.117361
0.108135
0.125858
0.095682
0.109893
0.11656
0.108829
0.10548
0.10492
0.094784
0.121098
0.11178
0.107042
0.119331
0.115198
0.112765
0.109406
0.105655
0.113943
0.129306
0.117907
0.120773
0.095327
0.089811
0.122528
0.139647
0.094091
0.118944
0.115531
0.111205
0.102825
0.10029
0.119577
0.123978
0.101082
0.13168
0.119474
0.107508
0.110999
0.119877
0.104056
0.131458
0.105636
0.120223
0.12266
0.12127
0.133206
0.095307
0.106298
0.111434
0.104191
0.128859
0.12081
0.117266
0.122893
0.105257
0.101891
0.101067
0.115087
0.125333
0.111641
0.109576
0.108187
0.119392
0.086704
0.122709
0.119106
0.087793
0.132084
0.125441
0.089187
0.088974
0.118238
0.129205
0.103419
0.105197
0.101751
0.093448
0.094906
0.092061
0.137098
0.123968
0.104858
0.111443
0.123365
0.122832
0.135295
0.110481
0.113009
0.101085
0.108768
0.112466
0.12644
0.091107
0.098409
0.100761
0.118137
0.095525
0.106506
0.125226
0.088357
0.125574
0.097716
0.122447
0.114731
0.108862
0.129946
0.143328
0.123378
0.111691
0.106671
0.106671
0.122621
0.121654
0.109415
0.119616
0.128742
0.121407
0.119507
0.126021
0.13367
0.126206
0.089703
0.111555
0.144961
0.143206
0.139798
0.094247
0.103215
0.100489
0.127513
0.095736
0.1181
0.118231
0.114692
0.120543
0.12825
0.112153
0.129957
0.11319
0.10509
0.109574
0.108245
0.131531
0.101808
0.113019
0.127736
0.114944
0.115471
0.122028
0.097579
0.118326
0.11694
0.107545
0.108507
0.120954
0.122548
0.125435
0.122125
0.110581
0.129408
0.095634
0.123421
0.094863
0.10431
0.128288
0.09916
0.113041
0.113358
0.123085
0.114573
0.105162
0.128595
0.11002
0.103024
0.125799
0.128942
0.112646
0.097892
0.107565
0.131448
0.111763
0.131095
0.114839
0.111105
0.098555
0.11369
0.114605
0.11138
0.115216
0.110308
0.097901
0.097145
0.118573
0.118349
0.124181
0.109954
0.103473
0.12677
0.129936
0.106661
0.12509
0.123358
0.108346
0.106433
0.115707
0.125861
0.144468
0.103277
0.099001
0.107448
0.102997
0.116659
0.115497
0.111686
0.108291
0.097038
0.131868
0.108456
0.12048
0.102839
0.086073
0.121262
0.10159
0.124216
0.11673
0.107079
0.124077
0.099541
0.11287
0.085531
0.093523
0.104823
0.117463
0.095737
0.104616
0.134432
0.11523
0.098784
0.122815
0.102656
0.110161
0.108078
0.118883
0.12707
0.111783
0.107871
0.133858
0.087058
0.111862
0.122675
0.120229
0.139463
0.105744
0.124814
0.114917
0.103495
0.117768
0.117374
0.113165
0.096691
0.116852
0.128074
0.108723
0.118314
0.109767
0.122138
0.100305
0.107749
0.117858
0.124985
0.111333
0.120192
0.112115
0.116554
0.11497
0.129846
0.092972
0.10954
0.108234
0.11852
0.108406
0.092817
0.121318
0.103875
0.098283
0.130343
0.119747
0.097119
0.101919
0.1142
0.102214
0.126918
0.113189
0.098498
0.118964
0.094573
0.123265
0.118701
0.138345
0.101187
0.117638
0.106432
0.097829
0.111422
0.111003
0.119997
0.127544
0.099991
0.103253
0.109109
0.098404
0.123103
0.124788
0.120825
0.106713
0.106529
0.111713
0.12466
0.12321
0.109467
0.127867
0.123337
0.109357
0.098652
0.09231
0.128314
0.096087
0.117954
0.128896
0.11588
0.135718
0.116263
0.100247
0.126379
0.088963
0.105139
0.135689
0.108518
0.125164
0.134458
0.107533
0.121117
0.147147
0.151319
0.122987
0.127144
0.125476
0.119239
0.133009
0.125867
0.098243
0.110893
0.100761
0.120277
0.120602
0.10968
0.101475
0.10534
0.121296
0.131211
0.114217
0.107865
0.096723
0.114333
0.100861
0.129372
0.137975
0.090307
0.113702
0.115388
0.082316
0.115814
0.11411
0.106649
0.135719
0.10039
0.091959
0.122823
0.124768
0.120537
0.130344
0.150751
0.112886
0.105314
0.098376
0.095851
0.102059
0.102529
0.1229
0.123629
0.095121
0.148013
0.11878
0.120637
0.103788
0.120017
0.12922
0.120595
0.107462
0.107459
0.103171
0.116763
0.091951
0.096197
0.118688
0.106868
0.095788
0.107498
0.110286
0.124521
0.131395
0.113617
0.149542
0.115364
0.116543
0.118883
0.098016
0.119124
0.103919
0.110015
0.124525
0.133123
0.104978
0.123953
0.13778
0.117058
0.127333
0.099179
0.110223
0.105972
0.123158
0.117196
0.124738
0.115228
0.103524
0.124312
0.104392
0.12521
0.0921
0.105299
0.118313
0.108914
0.126994
0.125346
0.1319
0.127447
0.110436
0.088502
0.114611
0.115307
0.123738
0.087669
0.122273
0.112385
0.137988
0.120056
0.095326
0.095776
0.091948
0.090062
0.122969
0.116873
0.137337
0.091186
0.115933
0.092999
0.114955
0.100782
0.107706
0.116286
0.098861
0.12881
0.105695
0.09203
0.133097
0.129745
0.119555
0.117145
0.114592
0.108486
0.105801
0.136055
0.110718
0.113638
0.110175
0.121377
0.120837
0.123247
0.120854
0.111957
0.140184
0.129179
0.12194
0.118911
0.12765
0.114179
0.114503
0.090942
0.096097
0.095345
0.113481
0.111917
0.113928
0.124513
0.116647
0.116745
0.113749
0.117278
0.112998
0.12195
0.135022
0.109365
0.112274
0.109935
0.113654
0.119817
0.119163
0.125244
0.107661
0.114522
0.109537
0.106537
0.112976
0.119596
0.118806
0.125333
0.103755
0.100427
0.095656
0.090108
0.102583
0.106471
0.113337
0.140998
0.133506
0.094312
0.108145
0.131169
0.111764
0.115624
0.103835
0.118242
0.144861
0.098572
0.111025
0.11029
0.095988
0.123976
0.096338
0.122215
0.107654
0.116568
0.114625
0.126686
0.122196
0.12003
0.137223
0.110158
0.117588
0.106831
0.104733
0.119771
0.133028
0.087558
0.107821
0.118194
0.11403
0.134671
0.162953
0.14424
0.130882
0.121692
0.116159
0.13329
0.111238
0.10529
0.13361
0.102857
0.12219
0.123063
0.115721
0.103034
0.107797
0.105128
0.128522
0.116604
0.111846
0.106948
0.12918
0.113397
0.134115
0.13792
0.115414
0.092939
0.089032
0.125969
0.126239
0.120126
0.111184
0.115325
0.106692
0.115051
0.095975
0.114625
0.098716
0.124854
0.092581
0.110681
0.106455
0.108458
0.120882
0.087287
0.111336
0.107014
0.102213
0.096717
0.098308
0.115025
0.136235
0.117407
0.104817
0.114044
0.116143
0.123332
0.115706
0.125324
0.114794
0.117965
0.108848
0.10152
0.104176
0.120629
0.105347
0.099963
0.099699
0.092472
0.0977
0.116032
0.104002
0.124492
0.107944
0.087886
0.101113
0.099026
0.115764
0.119124
0.110063
0.110763
0.116497
0.119354
0.105456
0.111538
0.119784
0.113787
0.089422
0.112665
0.112157
0.100894
0.114529
0.102275
0.121466
0.114612
0.080543
0.109047
0.111567
0.116475
0.106937
0.118194
0.115642
0.113271
0.126201
0.111961
0.129071
0.115005
0.139508
0.116874
0.114362
0.110692
0.111282
0.125334
0.14201
0.129113
0.098433
0.09617
0.116605
0.130972
0.123638
0.121976
0.121256
0.08493
0.113311
0.100657
0.114322
0.11096
0.12546
0.123575
0.143666
0.122821
0.129232
0.122058
0.106801
0.122945
0.118323
0.101074
0.112153
0.111103
0.136191
0.098153
0.114169
0.103505
0.107724
0.091879
0.132276
0.123899
0.119461
0.124901
0.103584
0.107008
0.093112
0.113661
0.120203
0.121247
0.114517
0.129147
0.114465
0.121676
0.119062
0.122355
0.121852
0.09195
0.134997
0.109496
0.132185
0.111062
0.124104
0.119842
0.132498
0.122621
0.104338
0.11075
0.112228
0.119967
0.091184
0.11067
0.09223
0.115739
0.116355
0.117817
0.118357
0.111234
0.088068
0.106264
0.093971
0.109469
0.117693
0.098635
0.123468
0.114275
0.136191
0.120975
0.118169
0.125597
0.100687
0.130137
0.099424
0.112092
0.115312
0.10017
0.105325
0.13512
0.10104
0.118559
0.100652
0.119956
0.134648
0.104639
0.117417
0.103612
0.115969
0.116727
0.104467
0.100418
0.085476
0.077131
0.106573
0.128216
0.108704
0.111894
0.114552
0.118855
0.099205
0.125069
0.112906
0.07992
0.115555
0.107733
0.116208
0.10854
0.121322
0.140778
0.107709
0.113407
0.118347
0.106015
0.116082
0.115559
0.126436
0.115661
0.106559
0.116938
0.112283
0.114543
0.117477
0.13164
0.122049
0.095445
0.11715
0.119545
0.133593
0.113153
0.093951
0.096774
0.101093
0.118739
0.122469
0.107987
0.140194
0.127737
0.125739
0.130569
0.120647
0.105527
0.098534
0.121987
0.132928
0.111615
0.111875
0.104852
0.111253
0.119443
0.090053
0.137821
0.111017
0.124401
0.095931
0.124244
0.099545
0.110431
0.134475
0.105003
0.127305
0.09765
0.128394
0.13917
0.127157
0.11109
0.100878
0.099693
0.113826
0.096542
0.10184
0.114832
0.120369
0.117538
0.122356
0.120706
0.100633
0.114705
0.099488
0.119348
0.113675
0.100576
0.099517
0.095292
0.09791
0.135336
0.113428
0.124116
0.10915
0.130133
0.123662
0.107016
0.106669
0.1133
0.118475
0.107343
0.099663
0.111441
0.10612
0.126914
0.114501
0.121685
0.104304
0.122216
0.114195
0.100701
0.089905
0.115212
0.111787
0.099531
0.106421
0.114999
0.127379
0.084368
0.122192
0.155053
0.129017
0.111609
0.124513
0.116704
0.110581
0.121945
0.13297
0.100746
0.10141
0.09446
0.13744
0.110146
0.105968
0.110226
0.124014
0.094685
0.104293
0.119265
0.133318
0.11224
0.116568
0.103402
0.121926
0.108438
0.105474
0.105568
0.120733
0.096504
0.115603
0.090251
0.095404
0.118837
0.124298
0.104748
0.106309
0.102578
0.110391
0.085125
0.104548
0.121668
0.100872
0.084871
0.10038
0.118336
0.118428
0.120911
0.100148
0.090942
0.106934
0.098346
0.1099
0.108655
0.116565
0.117086
0.113409
0.102019
0.094079
0.120928
0.149179
0.09632
0.108827
0.099796
0.105535
0.109226
0.103626
0.126161
0.105581
0.119503
0.121551
0.13335
0.119757
0.106567
0.120158
0.127944
0.117503
0.113015
0.15023
0.11754
0.124085
0.110608
0.079671
0.118902
0.114797
0.10467
0.116237
0.116517
0.126569
0.123649
0.115061
0.116209
0.117333
0.095087
0.140137
0.104111
0.110191
0.11077
0.105993
0.127427
0.11765
0.114257
0.138167
0.106351
0.095099
0.108035
0.156674
0.101027
0.12359
0.119338
0.13738
0.12293
0.115627
0.105751
0.131307
0.136072
0.129659
0.11646
0.123101
0.125639
0.121198
0.111341
0.15832
0.133888
0.090902
0.111182
0.085706
0.117646
0.123804
0.095996
0.105171
0.122909
0.097811
0.11951
0.124465
0.139348
0.114503
0.124374
0.130552
0.124477
0.116412
0.112605
0.097431
0.119201
0.115381
0.11131
0.121937
0.124625
0.111242
0.103099
0.125659
0.109752
0.111689
0.111921
0.102705
0.124968
0.084924
0.120524
0.122767
0.113237
0.138046
0.096528
0.125959
0.086484
0.116455
0.098101
0.115675
0.107191
0.120753
0.133292
0.100637
0.126184
0.091188
0.122748
0.101264
0.100853
0.105489
0.125557
0.113591
0.129087
0.115392
0.098453
0.135583
0.128001
0.112896
0.126334
0.110379
0.110632
0.13187
0.123086
0.130767
0.111274
0.108418
0.091439
0.111546
0.108858
0.098391
0.119532
0.107994
0.125783
0.110037
0.118094
0.113078
0.111631
0.112468
0.120775
0.107288
0.123353
0.098251
0.121704
0.106391
0.09329
0.092392
0.133339
0.098411
0.098054
0.105233
0.095448
0.127093
0.1455
0.109717
0.108655
0.096195
0.107633
0.11818
0.137168
0.093089
0.11116
0.123053
0.121713
0.085687
0.108895
0.129775
0.098214
0.113612
0.111143
0.11479
0.104925
0.106565
0.127547
0.100098
0.124933
0.112059
0.117568
0.123171
0.113293
0.116017
0.115986
0.131975
0.081918
0.107027
0.108356
0.110538
0.137345
0.102973
0.102199
0.136511
0.103414
0.129806
0.115277
0.124973
0.131036
0.115941
0.118596
0.111906
0.104496
0.121459
0.126066
0.120971
0.103345
0.120251
0.098855
0.117
0.124113
0.094608
0.120736
0.125202
0.103073
0.107143
0.119752
0.127544
0.116247
0.112338
0.099305
0.1034
0.112951
0.147611
0.131608
0.102318
0.119956
0.131142
0.109058
0.115657
0.104407
0.117871
0.09663
0.08771
0.182808
0.11915
0.115798
0.119248
0.107263
0.120092
0.135085
0.110907
0.125845
0.133467
0.113237
0.110543
0.104257
0.108526
0.117751
0.109247
0.118687
0.106749
0.110515
0.093119
0.147483
0.107905
0.133741
0.123441
0.102255
0.11065
0.117564
0.114869
0.100687
0.124893
0.10334
0.130398
0.13313
0.113887
0.113507
0.106222
0.101809
0.117368
0.109256
0.120371
0.140771
0.103561
0.121701
0.129228
0.10607
0.119569
0.124652
0.133965
0.110672
0.124684
0.115604
0.124357
0.116318
0.107958
0.108249
0.106712
0.117417
0.133011
0.109689
0.164881
0.12372
0.127332
0.100266
0.098782
0.105935
0.094597
0.101486
0.135806
0.141541
0.102131
0.121044
0.111137
0.117682
0.111493
0.119667
0.106124
0.129088
0.129987
0.108426
0.140003
0.103199
0.115853
0.122778
0.113196
0.111652
0.132802
0.115328
0.137589
0.11924
0.117603
0.095856
0.116587
0.531777
0.130288
0.126126
0.103423
0.116667
0.117749
0.097227
0.109761
0.096388
0.105815
0.109788
0.106632
0.104503
0.124756
0.119568
0.105141
0.11056
0.102253
0.093525
0.110165
0.097773
0.116719
0.118748
0.121575
0.133447
0.099817
0.112426
0.093477
0.096428
0.124974
0.118021
0.106013
0.119973
0.113955
0.117603
0.111962
0.115249
0.130404
0.124362
0.104166
0.118201
0.113712
0.120444
0.110278
0.105798
0.113488
0.121234
0.112081
0.120506
0.157401
0.131187
0.117077
0.098988
0.138026
0.096667
0.127141
0.126519
0.129445
0.103851
0.112073
0.116583
0.144188
0.114363
0.110953
0.102341
0.135199
0.118443
0.131147
0.111744
0.129391
0.136892
0.136678
0.130969
0.106113
0.128072
0.135892
0.118589
0.121136
0.098421
0.13263
0.091292
0.123401
0.115276
0.11541
0.112007
0.117216
0.12593
0.112598
0.10266
0.137949
0.110699
0.117511
0.117469
0.13211
0.116806
0.13515
0.120743
0.127928
0.123655
0.125114
0.106588
0.098416
0.083315
0.105293
0.124382
0.097959
0.119834
0.139949
0.105766
0.110718
0.123831
0.141616
0.13185
0.121891
0.129633
0.134912
0.09851
0.10923
0.116603
0.116921
0.115135
0.107562
0.116052
0.104475
0.129506
0.117714
0.115509
0.097993
0.112407
0.111485
0.14005
0.107323
0.121452
0.118598
0.098157
0.095267
0.107145
0.128191
0.116801
0.114971
0.117424
0.126412
0.119861
0.102794
0.115289
0.123534
0.109176
0.09393
0.132672
0.126716
0.113195
0.126689
0.115631
0.13125
0.113515
0.111297
0.112528
0.114155
0.122073
0.127839
0.119723
0.102054
0.106666
0.100198
0.12487
0.103762
0.107171
0.113029
0.117008
0.113276
0.136325
0.109157
0.099435
0.134855
0.119054
0.112836
0.117979
0.095507
0.118715
0.119397
0.130766
0.109572
0.094844
0.109598
0.13223
0.108156
0.095992
0.095625
0.108769
0.1185
0.100054
0.11093
0.10631
0.117388
0.115201
0.115747
0.107999
0.136827
0.114117
0.100598
0.12773
0.123347
0.137899
0.119724
0.121659
0.11099
0.099838
0.115432
0.121563
0.145903
0.097052
0.109988
0.09527
0.123389
0.119893
0.116457
0.10021
0.134654
0.119647
0.097505
0.117956
0.11599
0.119009
0.127241
0.098507
0.093653
0.099875
0.114677
0.103485
0.1091
0.116638
0.102411
0.098585
0.112675
0.109392
0.131272
0.11158
0.101441
0.096089
0.113914
0.09296
0.106456
0.143204
0.14193
0.117484
0.10124
0.113917
0.111018
0.109771
0.102061
0.118911
0.102856
0.125413
0.12294
0.121395
0.11034
0.124393
0.112817
0.117256
0.115701
0.119146
0.117835
0.109178
0.101174
0.10915
0.115863
0.113279
0.138768
0.103885
0.113023
0.12676
0.118939
0.110567
0.124531
0.122622
0.108387
0.125084
0.10532
0.118269
0.111648
0.112305
0.114192
0.106917
0.121262
0.100267
0.12203
0.137655
0.121852
0.141222
0.125552
0.129426
0.100337
0.133794
0.102603
0.116229
0.115332
0.117529
0.138464
0.130123
0.122727
0.090184
0.118481
0.110714
0.112905
0.107474
0.103089
0.107098
0.124932
0.115844
0.105709
0.113919
0.131069
0.095453
0.098375
0.109668
0.108011
0.106139
0.111301
0.114268
0.122181
0.109748
0.130646
0.117016
0.104139
0.116053
0.125799
0.112239
0.166321
0.111268
0.12433
0.104327
0.113164
0.109414
0.131959
0.104094
0.12024
0.125904
0.114161
0.133645
0.1121
0.102981
0.104354
0.108222
0.105853
0.107366
0.126236
0.10314
0.090989
0.098442
0.106344
0.107654
0.116323
0.135907
0.150665
0.117426
0.120419
0.123678
0.11066
0.109783
0.123681
0.119551
0.113918
0.110444
0.107492
0.105149
0.129474
0.116396
0.10127
0.120477
0.114782
0.132114
0.127325
0.099324
0.118738
0.09106
0.115621
0.123443
0.124118
0.107434
0.113838
0.12804
0.093826
0.10163
0.121605
0.112894
0.121414
0.120422
0.100096
0.115018
0.116765
0.130542
0.11908
0.089019
0.097043
0.096097
0.119391
0.132947
0.106362
0.107976
0.107872
0.106431
0.102277
0.10134
0.112721
0.112435
0.120022
0.112134
0.109299
0.126365
0.108826
0.123413
0.098437
0.119264
0.132521
0.120357
0.112639
0.11026
0.111982
0.129784
0.130737
0.124564
0.142447
0.111041
0.122728
0.127647
0.129152
0.14643
0.107262
0.11003
0.133149
0.117517
0.108724
0.10804
0.112706
0.147549
0.104511
0.124932
0.109436
0.129191
0.11606
0.105732
0.118669
0.11834
0.124879
0.117028
0.127451
0.142616
0.101344
0.116775
0.134663
0.126484
0.108953
0.113169
0.090246
0.131679
0.119854
0.118094
0.119002
0.12712
0.1287
0.128452
0.115089
0.116381
0.10216
0.126529
0.13332
0.116541
0.098165
0.119206
0.110302
0.12278
0.120118
0.101769
0.121737
0.117916
0.122288
0.113508
0.126242
0.102966
0.126885
0.108462
0.099101
0.135114
0.123731
0.128451
0.102497
0.107497
0.112943
0.115011
0.119139
0.108706
0.369236
0.238454
0.131821
0.110389
0.127072
0.109936
0.144161
0.116304
0.109728
0.096214
0.112942
0.126619
0.118718
0.111937
0.134122
0.101574
0.119028
0.111722
0.107986
0.107615
0.107729
0.114113
0.091828
0.103038
0.11069
0.107342
0.107069
0.806433
0.094097
0.125452
0.120166
0.113473
0.125403
0.103869
0.112276
0.109496
0.109866
0.122737
0.113124
0.09742
0.117511
0.130072
0.104646
0.121534
0.101834
0.10808
0.10643
0.116505
0.106354
0.108559
0.111572
0.118387
0.10319
0.139855
0.106983
0.122013
0.12584
0.115749
0.102834
0.127272
0.179308
0.12157
0.096973
0.115712
0.117932
0.097622
0.113676
0.131559
0.115856
0.092779
0.11163
0.105568
0.100941
0.120906
0.128069
0.110061
0.099045
0.146111
0.132148
0.137547
0.122303
0.115883
0.108402
0.108307
0.110499
0.133882
0.111522
0.098275
0.091208
0.09994
0.107769
0.108474
0.111038
0.134679
0.117317
0.103354
0.119712
0.119367
0.110416
0.10754
0.111311
0.11078
0.127146
0.105235
0.117754
0.10517
0.119822
0.099654
0.115943
0.104138
0.123008
0.123813
0.109026
0.09871
0.096735
0.103735
0.144268
0.097647
0.098834
0.119957
0.103998
0.113582
0.120521
0.105989
0.138815
0.093948
0.099115
0.117706
0.12379
0.105481
0.11233
0.110693
0.113773
0.114799
0.1386
0.118584
0.109393
0.106656
0.105786
0.118395
0.092714
0.104759
0.103474
0.130148
0.095876
0.121646
0.113586
0.119073
0.121898
0.104865
0.122494
0.116406
0.100406
0.094172
0.096614
0.097079
0.124261
0.104015
0.138864
0.118356
0.125456
0.121681
0.104165
0.109167
0.12751
0.107677
0.120173
0.134876
0.131829
0.098471
0.09631
0.121456
0.105641
0.103878
0.10177
0.113044
0.11011
0.111511
0.104061
0.10071
0.110725
0.113268
0.112009
0.10747
0.100968
0.112436
0.092634
0.110189
0.112743
0.122994
0.110321
0.112252
0.1238
0.107154
0.121171
0.109623
0.114977
0.10957
0.128627
0.125131
0.12919
0.098813
0.087854
0.11611
0.118225
0.103002
0.113306
0.150343
0.120265
0.120477
0.107627
0.12566
0.116432
0.106088
0.12012
0.118598
0.137385
0.120494
0.116564
0.122204
0.10227
0.124745
0.124218
0.122269
0.101153
0.119827
0.104767
0.092611
0.143337
0.118801
0.107503
0.112667
0.103706
0.113223
0.123866
0.104087
0.124474
0.132271
0.127231
0.109267
0.115801
0.144483
0.108068
0.112536
0.115626
0.114984
0.132439
0.107899
0.120462
0.120443
0.134937
0.100426
0.109396
0.132331
0.097748
0.109282
0.126477
0.112406
0.1448
0.105747
0.106225
0.126687
0.1362
0.109567
0.117705
0.097248
0.102264
0.105164
0.120975
0.109562
0.129211
0.110141
0.119753
0.098327
0.139015
0.118495
0.104709
0.099451
0.117196
0.090029
0.130716
0.110932
0.116934
0.133045
0.099154
0.100914
0.121369
0.109708
0.125284
0.113906
0.133178
0.122699
0.122171
0.097683
0.116989
0.111116
0.122601
0.095067
0.093762
0.116484
0.130674
0.116243
0.122908
0.127348
0.127912
0.118969
0.121494
0.108553
0.102453
0.114792
0.097915
0.079578
0.101232
0.110212
0.113464
0.098105
0.102081
0.122368
0.11617
0.094069
0.098954
0.120843
0.09629
0.117078
0.121969
0.10569
0.125448
0.080859
0.112683
0.113395
0.145682
0.111836
0.104066
0.115291
0.151453
0.121184
0.116671
0.097115
0.103148
0.114811
0.108283
0.114029
0.126138
0.11274
0.114858
0.107414
0.126741
0.105018
0.11932
0.105813
0.124441
0.115455
0.115453
0.117429
0.111232
0.129272
0.116742
0.110706
0.138524
0.127706
0.122841
0.127756
0.096323
0.085924
0.117837
0.105871
0.097031
0.113425
0.097112
0.111808
0.100221
0.117154
0.110335
0.11071
0.09291
0.10628
0.124793
0.127684
0.11522
0.118612
0.112338
0.100995
0.1144
0.155717
0.131281
0.124397
0.104195
0.117543
0.11414
0.112514
0.11166
0.102892
0.11268
0.105539
0.127028
0.122575
0.106986
0.111539
0.135978
0.122768
0.122028
0.117535
0.110418
0.127203
0.118715
0.112616
0.11211
0.103294
0.100615
0.099756
0.108466
0.126086
0.127968
0.110997
0.109909
0.12086
0.100341
0.093535
0.096475
0.125438
0.122352
0.103876
0.113034
0.112515
0.10659
0.122401
0.088043
0.112181
0.103158
0.115691
0.110714
0.12969
0.114416
0.131788
0.119823
0.119831
0.102244
0.133979
0.100472
0.112575
0.110315
0.106267
0.124533
0.101922
0.108472
0.103703
0.121365
0.109118
0.138093
0.120233
0.134863
0.142714
0.101579
0.105796
0.1072
0.12395
0.103297
0.115156
0.10783
0.103334
0.124176
0.111614
0.109462
0.131254
0.106421
0.118483
4.228933
0.149517
0.11678
0.118929
0.131557
0.11
0.108035
0.102816
0.128705
0.089817
0.106414
0.12815
0.141231
0.109119
0.107696
0.115688
0.100495
0.114897
0.111757
0.100466
0.123352
0.123519
0.125991
0.122095
0.12529
0.098323
0.120501
0.110546
0.104821
0.111859
0.099655
0.109442
0.105435
0.101856
0.138187
0.110421
0.097782
0.123991
0.104227
0.132841
0.111167
0.108877
0.102281
0.109668
0.120477
0.129113
0.110948
0.129072
0.094611
0.130513
0.12619
0.108574
0.114513
0.117336
0.139231
0.1192
0.107251
0.114924
0.136101
0.104927
0.127832
0.12739
0.094353
0.116506
0.101526
0.099921
0.126031
0.101498
0.134203
0.098541
0.111612
0.110357
0.102287
0.126284
0.115352
0.089895
0.127879
0.111369
0.120279
0.119765
0.134274
0.112071
0.119343
0.11536
0.091421
0.107529
0.125916
0.134083
0.097382
0.109047
0.133437
0.107853
0.107942
0.113017
0.122105
0.11756
0.132388
0.112176
0.121239
0.121768
0.108166
0.107685
0.114998
0.101931
0.117695
0.122989
0.122428
0.115465
0.123187
0.116132
0.120766
0.118868
0.129947
0.13379
0.133258
0.155038
0.114105
0.112805
0.115988
0.111732
0.130482
0.095521
0.119392
0.133753
0.116106
0.129308
0.103937
0.115946
0.11426
0.117516
0.125031
0.107077
0.123587
0.125246
0.156595
0.126651
0.113457
0.123692
0.118878
0.1293
0.110454
0.111027
0.123507
0.102018
0.12555
0.122276
0.118565
0.123277
0.113427
0.121185
0.130405
0.117647
0.115588
0.11376
0.118002
0.116657
0.120368
0.108443
0.129661
0.09517
0.113537
0.098969
0.110794
0.10135
0.100874
0.106937
0.099795
0.117514
0.114998
0.116977
0.124716
0.117278
0.128886
0.116119
0.113978
0.086439
0.119218
0.122351
0.126077
0.104575
0.118064
0.11259
0.122592
0.105275
0.104905
0.076283
0.124388
0.108681
0.122954
0.099759
0.106855
0.123969
0.113034
0.129522
0.107014
0.13452
0.11164
0.097457
0.101628
0.112589
0.117263
0.102332
0.105714
0.131976
0.12384
0.11427
0.10866
0.117225
0.125225
0.09581
0.116708
0.134575
0.105127
0.124611
0.113537
0.12012
0.120072
0.106958
0.108054
0.101349
0.11706
0.140702
0.115778
0.120886
0.109177
0.102179
0.094067
0.136498
0.124328
0.107839
0.116805
0.109121
0.09725
0.119335
0.107305
0.13206
0.114526
0.137075
0.127554
0.101891
0.107619
0.111304
0.121207
0.128188
0.114913
0.114744
0.107269
0.092917
0.125994
0.130455
0.130336
0.140125
0.117552
0.118917
0.119268
0.11068
0.132803
0.104044
0.100014
0.13005
0.100241
0.099283
0.126572
0.122617
0.113301
0.115993
0.117984
0.109997
0.09781
0.115388
0.140259
0.114507
0.1224
0.113147
0.119753
0.11921
0.115934
0.114962
0.112132
0.100687
0.120985
0.098627
0.098191
0.106974
0.115667
0.125371
0.114583
0.145798
0.122247
0.103445
0.098755
0.124714
0.119623
0.125858
0.148084
0.112614
0.108678
0.120562
0.099242
0.125059
0.109871
0.125198
0.114158
0.114352
0.131308
0.103854
0.114371
0.107442
0.11458
0.108017
0.124363
0.11742
0.144799
0.112068
0.129878
0.110598
0.119979
0.114203
0.112712
0.113787
0.094009
0.11336
0.10498
0.134654
0.139172
0.112126
0.121927
0.122036
0.100658
0.113228
0.116141
0.11888
0.104349
0.130315
0.134342
0.101831
0.113704
0.120842
0.106414
0.102212
0.116931
0.10882
0.118298
0.111213
0.091409
0.113767
0.125062
0.102032
0.128331
0.099943
0.107863
0.110648
0.109486
0.114151
0.113171
0.097722
0.121603
0.141311
0.126076
0.124354
0.110151
0.11035
0.121866
0.095299
0.1139
0.132595
0.123017
0.12033
0.132631
0.099093
0.105711
0.106233
0.136229
0.102575
0.114387
0.117075
0.105499
0.123409
0.115336
0.12581
0.111854
0.114782
0.112036
0.111375
0.113796
0.135435
0.124142
0.121706
0.115013
0.131879
1.887422
0.104972
0.109692
0.136467
0.133837
0.111663
0.122067
0.121087
0.108971
0.121627
0.126147
0.115455
0.10074
0.113441
0.11506
0.112783
0.132834
0.161274
0.106942
0.121055
0.117028
0.101665
0.125156
0.111642
0.10707
0.134166
0.105796
0.110471
0.128471
0.112293
0.132666
0.12949
0.139561
0.144936
0.134481
0.099217
0.12296
0.126392
0.089913
0.137061
0.120057
0.108594
0.128587
0.123511
0.104533
0.082771
0.097501
0.109988
0.133539
0.102003
0.111982
0.129758
0.122111
0.117244
0.110169
0.102922
0.09569
0.10011
0.111445
0.115454
0.131648
0.096566
0.125821
0.122201
0.114426
0.114633
0.136108
0.148375
0.103393
0.11047
0.107405
0.119029
0.114704
0.128188
0.110972
0.123225
0.103515
0.1244
0.125419
0.131137
0.109389
0.097822
0.085875
0.122372
0.096957
0.116486
0.139685
0.11687
0.106828
0.123786
0.114065
0.12336
0.131558
0.144325
0.105584
0.104453
0.10934
0.140249
0.118942
0.128032
0.127379
0.12744
0.119052
0.114355
0.095013
0.124709
0.082728
0.121628
0.115263
0.117528
0.091111
0.133509
0.118796
0.108282
0.129293
0.126769
0.12758
0.100777
0.134225
0.110547
0.124776
0.103689
0.102998
0.141711
0.103904
0.245578
0.191631
0.104885
0.110518
0.10467
0.119903
0.125107
0.147951
0.122634
0.245236
0.118055
0.122538
0.102813
0.123237
0.151584
0.126196
0.147444
0.112946
0.118666
2.505317
0.134382
0.115008
0.105115
0.11481
0.114759
0.119565
0.134313
0.112326
0.131399
0.093041
0.118133
0.127401
0.13352
0.150882
0.125594
0.098295
0.119331
0.122562
0.13322
0.115802
0.107215
0.101847
0.106815
0.107302
0.133505
0.13252
0.136838
0.126155
0.123432
0.096883
0.110001
0.153149
0.105985
0.111103
0.104139
0.12359
0.133339
0.124557
0.097578
0.126579
0.131068
0.115129
0.109869
0.117587
0.113312
0.132333
0.106135
0.104123
0.126526
0.107351
0.102541
0.100356
0.141667
0.108307
0.093291
0.087288
0.135927
0.1299
0.109198
0.096208
0.120838
0.120344
0.101808
0.134248
0.131911
0.169097
0.121954
0.140355
0.127584
0.10185
0.107584
0.127499
0.101138
0.110669
0.115562
0.113136
0.117937
0.101903
0.113461
0.113991
0.09336
0.108691
0.118332
0.101319
0.117711
0.109013
0.116595
0.124099
0.111677
0.108535
0.118845
0.123752
0.114731
0.106484
0.108796
0.106238
0.106238
0.110289
0.113649
0.112117
0.127423
0.11463
0.104165
0.126896
0.115486
0.137689
0.123329
0.132907
0.113126
0.118433
0.101383
0.11375
0.116829
0.130981
0.117665
0.130603
0.11818
0.104275
0.122842
0.115889
0.105966
0.115257
0.145625
0.099724
0.123209
0.110137
0.140421
0.106407
0.111642
0.11886
0.110807
0.135186
0.144071
0.115627
0.125043
0.116062
0.139407
0.13944
0.110534
0.108238
0.109869
0.127862
0.125654
0.120703
0.101738
0.119572
0.119972
0.12136
0.119795
0.09099
0.109312
0.109725
0.111396
0.111906
0.120587
0.120845
0.11183
0.125556
0.13202
0.111431
0.114802
0.148434
0.121487
0.11039
0.120283
0.139026
0.123792
0.087714
0.104197
0.138768
0.12377
0.130419
0.107811
0.109524
0.114169
0.107327
0.109116
0.127218
0.119601
0.13066
0.127857
0.110919
0.123869
0.098836
0.129017
0.131382
0.089611
0.119035
0.117636
0.121597
0.115324
0.141648
0.132671
0.131824
0.128332
0.126887
0.118261
0.128373
0.120866
0.126612
0.10984
0.119185
0.125412
0.097491
0.122177
0.120697
0.132872
0.11689
0.108963
0.123242
0.088355
0.1003
0.100983
0.118359
0.126432
0.135241
0.113056
0.100068
0.119893
0.111862
0.122474
0.1124
0.109019
0.092758
0.129012
0.112956
0.165316
0.11772
0.095095
0.111372
0.097575
0.12594
0.131911
0.120951
0.120472
0.125594
0.119105
0.101886
0.119814
0.120538
0.129219
0.109969
0.091257
0.099328
0.113548
0.096077
0.11255
0.144911
0.10389
0.127577
0.140437
0.129735
0.106074
0.092733
0.10183
0.107639
0.132043
0.091017
0.139617
0.129838
0.11993
0.122789
0.112535
0.103786
0.120013
0.14056
0.12169
0.114278
0.11869
0.096737
0.1097
0.100194
0.133108
0.111062
0.11514
0.118069
0.135291
0.126383
0.108539
0.101391
0.111698
0.131006
0.134891
0.130355
0.134447
0.115886
0.12297
0.124204
0.104398
0.114712
0.102552
0.120131
0.125074
0.102948
0.100677
0.144662
0.11053
0.126878
0.13253
0.1037
0.106341
0.127167
0.129654
0.115608
0.109391
0.115065
0.106202
0.114077
0.117424
0.093924
0.119122
0.101557
0.148648
0.112693
0.114681
0.087807
0.120545
0.099436
0.124748
0.130622
0.119027
0.126513
0.110418
0.13639
0.117648
0.114067
0.128101
0.134245
0.108194
0.097815
0.116955
0.108963
0.112664
0.111233
0.111167
0.125484
0.126046
0.116209
0.125156
0.117455
0.118531
0.09937
0.123418
0.128758
0.108105
0.114501
0.118652
0.146251
0.123749
0.130806
0.107875
0.133895
0.109289
0.109735
0.118692
0.107907
0.122846
0.132837
0.119977
0.119423
0.115774
0.138965
0.1221
0.128113
0.102197
0.124995
0.138948
0.111657
0.100579
0.10095
0.130473
0.119773
0.105489
0.125982
0.106348
0.110736
0.111468
0.128465
0.133901
0.123703
0.126677
0.122819
0.115695
0.136485
0.107304
0.105134
0.116748
0.120502
0.096716
0.140659
0.10534
0.104742
0.109251
0.101108
0.128382
0.114148
0.104697
0.090887
0.107065
0.118897
0.125194
0.108353
0.104438
0.106164
0.124768
0.120429
0.116307
0.132072
0.109449
0.124147
0.121907
0.142454
0.125141
0.118803
0.098173
0.112284
0.117411
0.103007
0.121614
0.113297
0.138458
0.115853
0.107761
0.101635
0.136421
0.103971
0.105445
0.128272
0.102884
0.112626
0.139473
0.139465
0.140604
0.102696
0.087995
0.135059
0.112205
0.134528
0.13694
0.128206
0.132247
0.160485
0.094033
0.119864
0.095795
0.128752
0.111151
0.112206
0.121651
0.112632
0.106071
0.137312
0.110687
0.130926
0.129685
0.107237
0.120124
0.113459
0.112597
0.116249
0.121351
0.095818
0.114312
0.132032
0.109688
0.108387
0.114446
0.118306
0.101927
0.104768
0.134615
0.102191
0.111082
0.115084
0.108946
0.118903
0.138627
0.107886
0.101938
0.103798
0.109025
0.103303
0.104356
0.130245
0.124021
0.101519
0.123293
0.112965
0.114272
0.107261
0.122237
0.111772
0.115651
0.126692
0.143419
0.129452
0.083277
0.139629
0.121233
0.127461
0.127427
0.103703
0.111308
0.106884
0.122539
0.127248
0.135032
0.127498
0.13369
0.12236
0.125389
0.102828
0.120884
0.129704
0.112504
0.112476
0.105778
0.125915
0.134444
0.10477
0.124701
0.122277
0.113319
0.128199
0.113964
0.125283
0.109422
0.111884
0.100048
0.116075
0.112568
0.138671
0.118147
0.091494
0.131517
0.122299
0.120164
0.118085
0.105279
0.119436
0.155639
0.120406
0.103317
0.106302
0.126259
0.129953
0.105206
0.155241
0.100486
0.132953
0.115565
0.12731
0.112226
0.109673
0.118621
0.10772
0.124949
0.110563
0.137092
0.112443
0.128382
0.11957
0.109557
0.128602
0.118651
0.10924
0.125881
0.099756
0.136338
0.099789
0.126134
0.123129
0.107202
0.132782
0.11114
0.116481
0.105068
0.112782
0.116991
0.132666
0.113781
0.114708
0.103564
0.118077
0.117038
0.107429
0.13401
0.119926
0.099494
0.127128
0.118267
0.138831
0.127416
0.122858
0.118679
0.112652
0.107203
0.117584
0.134904
0.127063
0.132481
0.114194
0.117783
0.100821
0.112433
0.126377
0.12479
0.124725
0.113236
0.106769
0.105203
0.1213
0.117117
0.098374
0.131247
0.113067
0.134839
0.126004
0.121944
0.128534
0.106771
0.115199
0.117294
0.106873
0.103105
0.109914
0.130543
0.112836
0.094409
0.111488
0.118492
0.117406
0.117769
0.116625
0.129405
0.107689
0.11828
0.145072
0.11147
0.119891
0.128462
0.11917
0.125602
0.103724
0.140373
0.118667
0.102102
0.127727
0.124765
0.120817
0.121654
0.098071
0.125725
0.136424
0.119303
0.112716
0.11427
0.103535
0.118716
0.098221
0.112119
0.115105
0.094664
0.112373
0.131271
0.109994
0.083452
0.112502
0.124389
0.130932
0.099695
0.114703
0.107185
0.1029
0.101497
0.099243
0.102148
0.107967
0.108076
0.103194
0.086896
0.117753
0.087275
0.094372
0.101428
0.0772
0.120056
0.127388
0.11817
0.088412
0.100693
0.098641
0.104686
0.097559
0.128107
0.122205
0.126335
0.145054
0.162018
0.120663
0.109028
0.117176
0.119813
0.11449
0.106009
0.122885
0.116396
0.123757
0.131246
0.101426
0.132932
0.124067
0.105864
0.109693
0.101118
0.121353
0.124518
0.121514
0.086006
0.122019
0.14092
0.113728
0.107292
0.111707
0.13553
0.117829
0.113575
0.120208
0.134737
0.130297
0.112853
0.114531
0.136759
0.110273
0.127549
0.111865
0.126664
0.124186
0.13689
0.109865
0.12352
0.133233
0.128321
0.11849
0.111382
0.123506
0.134029
0.120545
0.129279
0.11819
0.126817
0.098349
0.103052
0.102226
0.129799
0.108182
0.12866
0.152506
0.11091
0.113647
0.097668
0.096164
0.112903
0.118972
0.108618
0.170603
0.134271
0.124372
0.120939
0.104986
0.092116
0.103789
0.138491
0.112213
0.134742
0.096209
0.107012
0.096318
0.093081
0.122548
0.103046
0.098478
0.098333
0.120827
0.12792
0.141993
0.124117
0.128094
0.128343
0.102492
0.110366
0.125863
0.110323
0.127932
0.155307
0.156812
0.108645
0.113777
0.126204
0.118436
0.112915
0.11625
0.129833
0.123701
0.095844
0.112576
0.124509
0.134584
0.12244
0.129937
0.104627
0.117277
0.125674
0.117918
0.114417
0.103938
0.119195
0.114815
0.108919
0.118157
0.125032
0.125395
0.11905
0.144745
0.12296
0.108267
0.114334
0.113883
0.122047
0.095815
0.114071
0.128092
0.114921
0.109601
0.089528
0.101665
0.102234
0.108918
0.12353
0.100201
0.085969
0.116042
0.122602
0.126572
0.117303
0.108839
0.094963
0.116117
0.124697
0.11841
0.124891
0.120359
0.121035
0.116509
0.157645
0.094155
0.136067
0.099801
0.11992
0.125426
0.124418
0.126233
0.12167
0.097383
0.123991
0.146548
0.126757
0.113849
0.121702
0.117394
0.119069
0.10387
0.10984
0.139229
0.12879
0.111091
0.124161
0.112291
0.121004
0.136142
0.109438
0.128269
0.113119
0.132295
0.099812
0.102156
0.117916
1.58419
0.119762
0.122299
0.105335
0.105889
0.12475
0.102081
0.105725
0.096539
0.104426
0.09592
0.128347
0.104282
0.117126
0.107273
0.11897
0.111494
0.112784
0.110956
0.124543
0.10727
0.105913
0.145918
0.123211
0.113888
0.119282
0.125656
0.118597
0.121768
0.113118
0.097204
0.128913
0.113566
0.157989
0.144604
0.112929
0.127688
0.122355
0.123995
0.108211
0.090266
0.103375
0.116786
0.102196
0.09866
0.11835
0.11085
0.110572
0.14264
0.118248
0.124758
0.104
0.110706
0.118086
0.108644
0.118068
0.099781
0.137008
0.114342
0.100939
0.116501
0.097472
0.107253
0.121637
0.109449
0.098816
0.117032
0.123959
0.107333
0.124433
0.116631
0.112146
0.126519
0.132172
0.117341
0.096085
0.12462
0.121362
0.119589
0.102691
0.1282
0.116226
0.125396
0.108465
0.112524
0.127868
0.091567
0.115285
0.12677
0.093006
0.102573
0.110334
0.105308
0.141086
0.125212
0.103672
0.123196
0.121474
0.106158
0.137121
0.111884
0.121974
0.121315
0.128099
0.112064
0.119759
0.139465
0.135953
0.121071
0.117147
0.126674
0.112597
0.12775
0.112088
0.119011
0.13574
0.122958
0.110098
0.11174
0.108304
0.114074
0.136294
0.133033
0.100935
0.113248
0.096015
0.122203
0.132656
0.106412
0.125256
0.127479
0.102549
0.129684
0.130021
0.112103
0.110219
0.120819
0.11913
0.115501
0.109346
0.142133
0.107653
0.104924
0.112893
0.108786
0.104939
0.102926
0.100446
0.108334
0.108509
0.117132
0.135747
0.147112
0.124071
0.116742
0.105671
0.092424
0.143777
0.112146
0.112205
0.11839
0.114011
0.093515
0.127177
0.100229
0.146496
0.112683
0.107084
0.131629
0.126451
0.117088
0.108967
0.120336
0.080979
0.11945
0.12021
0.100406
0.129756
0.109684
0.10355
0.10222
0.114861
0.117064
0.105373
0.14341
0.103254
0.117195
0.134668
0.126382
0.109497
0.103322
0.096711
0.117648
0.12576
0.1091
0.114073
0.091673
0.117185
0.123095
0.124756
0.104542
0.118415
0.123575
0.107347
0.12664
0.111776
0.107939
0.11055
0.127395
0.11899
0.129504
0.123976
0.098769
0.131519
0.129105
0.124308
0.114539
0.138635
0.127078
0.122854
0.127438
0.107842
0.145069
0.131379
0.109303
0.126967
0.129765
0.131149
0.11294
0.14832
0.106379
0.120504
0.118464
0.129189
0.096587
0.111023
0.11702
0.114745
0.131315
0.119099
0.12248
0.137157
0.122398
0.104769
0.111649
0.122618
0.118873
0.121707
0.113399
0.125294
0.098814
0.130203
0.093439
0.121452
0.105422
0.107392
0.106651
0.105138
0.133467
0.103313
0.118693
0.103169
0.098349
0.119203
0.114076
0.132386
0.13146
0.119639
0.135895
0.112699
0.104386
0.133907
0.114521
0.111201
0.128166
0.119161
0.104989
0.106268
0.101555
0.123209
0.112801
0.111234
0.126527
0.120991
0.127601
0.113911
0.122462
0.104444
0.117006
0.117116
0.146317
0.114216
0.127089
0.127638
0.124445
0.124821
0.10725
0.11718
0.100649
0.108385
0.122725
0.147284
0.149149
0.117896
0.129032
0.100649
0.109132
0.110401
0.080259
0.141449
0.116026
0.103184
0.133296
0.11634
0.114506
0.117603
0.123331
0.128826
0.112937
0.098444
0.085815
0.09851
0.114991
0.104184
0.115351
0.091588
0.097926
0.11757
0.135548
0.095781
0.111441
0.117801
0.106663
0.114287
0.135369
0.132476
0.099815
0.122522
0.106071
0.112366
0.106791
0.120384
0.121619
0.129693
0.108232
0.111833
0.108301
0.123451
0.126585
0.133896
0.113317
0.104415
0.110011
0.131712
0.116814
0.119224
0.115007
0.113948
0.12349
0.110227
0.132076
0.129393
0.103534
0.10389
0.116235
0.137106
0.104212
0.120413
0.128215
0.132538
0.105028
0.094582
0.092322
0.120461
0.109845
0.105237
0.086615
0.119996
0.137024
0.099547
0.174412
0.121301
0.107736
0.099045
0.092582
0.113519
0.116558
0.103234
0.113628
0.137485
0.116191
0.115969
0.10627
0.107054
0.119826
0.124575
0.117528
0.106812
0.121158
0.120178
0.114794
0.111242
0.130191
0.111938
0.108156
0.112474
0.138769
0.102673
0.127903
0.113463
0.133996
0.105233
0.120165
0.102903
0.118789
0.10233
0.095395
0.115872
0.114522
0.112183
0.12529
0.117036
0.100816
0.089488
0.130128
0.110887
0.106679
0.12885
0.139697
0.107541
0.128882
0.108316
0.115974
0.107656
0.118438
0.118395
0.114543
0.122983
0.133711
0.127974
0.111958
0.108237
0.123302
0.123588
0.114689
0.114874
0.09217
0.119447
0.111393
0.106475
0.104219
0.102956
0.141472
0.105052
0.097088
0.099845
0.107281
0.120171
0.103528
0.103476
0.115422
0.137917
0.097756
0.098708
0.10708
0.1059
0.102341
0.123997
0.128533
0.111811
0.104913
0.129857
0.118877
0.095161
0.114958
0.126556
0.130727
0.1105
0.124748
0.103857
0.1107
0.112195
0.105137
0.100633
0.119851
0.124972
0.105007
0.124773
0.115024
0.113312
0.110396
0.108211
0.11642
0.11562
0.113783
0.101235
0.107388
0.129837
0.110585
0.103224
0.128732
0.119689
0.105076
0.129834
0.106129
0.137143
0.093723
0.11623
0.118859
0.104467
0.102323
0.117196
0.116543
0.082908
0.111417
0.113139
0.107535
0.102308
0.115047
0.101319
0.107405
0.11888
0.110692
0.122703
0.109989
0.102481
0.119918
0.126286
0.113609
0.095668
0.129458
0.102684
0.114409
0.130667
0.132097
0.138624
0.139649
0.122651
0.113949
0.131576
0.125115
0.110219
0.109618
0.109498
0.11898
0.110072
0.114527
0.129357
0.111773
0.143801
0.129341
0.118112
0.123638
0.115273
0.095951
0.133812
0.095176
0.097937
0.118086
0.121739
0.116431
0.112656
0.101422
0.123039
0.122762
0.096443
0.141368
0.12182
0.115241
0.113927
0.099496
0.117631
0.109366
0.110561
0.118539
0.093874
0.13391
0.13597
0.10228
0.133381
0.116131
0.094677
0.107284
0.119011
0.097099
0.116855
0.123946
0.108738
0.120137
0.095773
0.116448
0.114469
0.099845
0.102882
0.105575
0.110568
0.124403
0.107674
0.12632
0.111308
0.109287
0.099923
0.098762
0.097955
0.137542
0.110049
0.106644
0.107474
0.135039
0.10953
0.128214
0.121404
0.112668
0.114764
0.120281
0.115781
0.120644
0.11843
0.124373
0.099419
0.117184
0.110729
0.111376
0.109697
0.091629
0.092235
0.099386
0.121299
0.093095
0.106015
0.132665
0.114556
0.107563
0.096523
0.102361
0.097563
0.147652
0.1165
0.119071
0.103109
0.112639
0.115826
0.127991
0.11291
0.122915
0.127449
0.122417
0.116895
0.09948
0.11476
0.111877
0.106173
0.111464
0.114025
0.104577
0.089618
0.105805
0.127902
0.107848
0.090133
0.094318
0.099605
0.098376
0.103486
0.104114
0.101079
0.120479
0.115432
0.122464
0.114903
0.126203
0.120102
0.099288
0.120138
0.123301
0.117819
0.121586
0.115345
0.127261
0.121645
0.113787
0.099264
0.096239
0.126362
0.109152
0.10423
0.099193
0.111242
0.094181
0.097475
0.108157
0.136029
0.118253
0.105518
0.102539
0.112025
0.098102
0.108369
0.117921
0.103681
0.085173
0.099525
0.108672
0.136
0.10606
0.111549
0.110282
0.119136
0.100795
0.131214
0.114977
0.140559
0.12401
0.109885
0.100572
0.124603
0.105558
0.115071
0.114752
0.089985
0.121602
0.091572
0.112457
0.096404
0.108156
0.109207
0.111022
0.111074
0.113541
0.094028
0.108917
0.091869
0.118199
0.117199
0.110689
0.116962
0.109235
0.122268
0.108708
0.11019
0.127868
0.11875
0.117552
0.100618
0.090512
0.099064
0.12373
0.112258
0.101541
0.111593
0.127144
0.098769
0.119812
0.107938
0.111174
0.109538
0.112617
0.119008
0.102033
0.108846
0.099374
0.118859
0.130059
0.096439
0.108072
0.104652
0.117455
0.105633
0.110489
0.104725
0.103077
0.114697
0.1244
0.095613
0.118866
0.130283
0.185047
0.102919
0.249784
0.108866
0.117637
0.120467
0.102187
0.099801
0.092803
0.109296
0.115915
0.125717
0.123704
0.098819
0.119461
0.100744
0.122905
0.109284
0.108372
0.110066
0.111549
0.103544
0.105559
0.101211
0.111133
0.111682
0.132651
0.102457
0.109083
0.110873
0.11077
0.105208
0.112369
0.108083
0.088116
0.12809
0.156334
0.131557
0.113155
0.069109
0.105115
0.103142
0.112066
0.11147
0.097238
0.114048
0.106713
0.123542
0.095821
0.112884
0.115012
0.10181
0.116045
0.116036
0.099575
0.110241
0.103494
0.105716
0.09412
0.132674
0.107286
0.112491
0.089766
0.118068
0.108158
0.098031
0.116815
0.119589
0.117056
0.102871
0.100426
0.104633
0.13021
0.125883
0.090121
0.11238
0.117215
0.105377
0.093885
0.116574
0.107372
0.082356
0.109011
0.113697
0.085494
0.099866
0.120781
0.122772
0.106374
0.097223
0.122304
0.116526
0.086699
0.102122
0.128923
0.115809
0.106265
0.097863
0.120411
0.099587
0.119798
0.106561
0.105706
0.096005
0.213074
0.126173
0.121063
0.105781
0.110645
0.123009
0.09389
0.133133
0.100065
0.101405
0.125089
0.108366
0.103142
0.104551
0.105511
0.118167
0.10865
0.118699
0.101765
0.119571
0.114445
0.126368
0.118297
0.088937
0.092593
0.102067
0.111809
0.119243
0.108986
0.106713
0.117815
0.140579
0.102011
0.122305
0.122111
0.101118
0.127411
0.119351
0.105907
0.132713
0.113967
0.104241
0.098936
0.122157
0.103777
0.107724
0.13116
0.099565
0.116564
0.09729
0.113397
0.120307
0.086775
0.106701
0.126512
0.099698
0.125134
0.112377
0.106774
0.111011
0.101632
0.105301
0.10069
0.100172
0.111607
0.114714
0.104806
0.088925
0.104613
0.106317
0.120497
0.104156
0.115978
0.103422
0.106724
0.108736
0.117968
0.092509
0.114527
0.118681
0.117678
0.122958
0.109006
0.110796
0.105796
0.131993
0.106261
0.117356
0.127545
0.103664
0.123349
0.100057
0.094537
0.112809
0.126107
0.104465
0.118539
0.120379
0.112853
0.108936
0.11875
0.109857
0.106713
0.102234
0.129934
0.09261
0.107511
0.100787
0.094756
0.121529
0.122745
0.107492
0.1152
0.128571
0.116519
0.122316
0.111164
0.095067
0.127476
0.119167
0.104681
0.121298
0.116858
0.099326
0.107842
0.112039
0.116581
0.118055
0.108756
0.10273
0.112147
0.126752
0.130605
0.094993
0.108749
0.109924
0.103849
0.113983
0.111362
0.113739
0.10614
0.119982
0.115861
0.128009
0.125011
0.115873
0.127418
0.109718
0.103313
0.104988
0.1236
0.105369
0.121557
0.089629
0.103786
0.110321
0.101638
0.088372
0.083921
0.109677
0.082832
0.101124
0.101963
0.132368
0.108532
0.107665
0.102251
0.129262
0.090778
0.105018
0.101005
0.098043
0.109432
0.117104
0.12443
0.131992
0.105373
0.105657
0.124762
0.097406
0.10557
0.116699
0.109397
0.105943
0.141735
0.138139
0.099096
0.096868
0.145417
0.129618
0.110636
0.085135
0.109085
0.107312
0.115489
0.1028
0.117576
0.115169
0.10818
0.116526
0.094654
0.114732
0.099722
0.105403
0.133775
0.115628
0.109228
0.110875
0.100285
0.105414
0.121612
0.118738
0.112741
0.094725
0.125775
0.117207
0.225039
0.150599
0.233802
0.129826
0.09245
0.114599
0.094207
0.091817
0.094392
0.097655
0.104336
0.101209
0.094363
0.080189
0.098879
0.102932
0.089206
0.093342
0.102157
0.095186
0.09651
0.102318
0.100737
0.094175
0.091959
0.091381
0.109216
0.104661
0.109498
0.095663
0.089319
0.101484
0.096321
0.09177
0.099922
0.112311
0.100821
0.107415
0.098221
0.101755
0.100073
0.093753
0.111702
0.101868
0.092692
0.092902
0.103956
0.095098
0.112445
0.097251
0.099117
0.084647
0.112982
0.101168
0.093494
0.093732
0.103952
0.092662
0.101418
0.080177
0.100941
0.083224
0.09415
0.107633
0.085312
0.105128
0.09308
0.110981
0.097541
0.091419
0.086551
0.108433
0.097169
0.10707
0.089513
0.104748
0.09402
0.118246
0.128399
0.090345
0.100688
0.107155
0.103819
0.08853
0.104201
0.091556
0.113452
0.085904
0.109978
0.097095
0.092026
0.097515
0.082102
0.106028
0.094066
0.096415
0.099383
0.13286
0.084744
0.088345
0.070576
0.099168
0.098592
0.087391
0.097222
0.100618
0.08012
0.105099
0.111365
0.106078
0.109607
0.103257
0.102784
0.114857
0.097808
0.09708
0.115052
0.115071
0.104995
0.109834
0.089051
0.096035
0.074614
0.087041
0.090827
0.108617
0.100966
0.100765
0.097973
0.097202
0.093688
0.086241
0.087859
0.08414
0.099485
0.077689
0.116566
0.100619
0.102971
0.091902
0.102561
0.107537
0.108856
0.097142
0.097745
0.090485
0.095085
0.081831
0.114014
0.091828
0.101647
0.09603
0.09273
0.085718
0.104407
0.097596
0.115134
0.135626
0.115364
0.078778
0.082855
0.089748
0.084454
0.092576
0.099472
0.106342
0.098358
0.094285
0.10283
0.109421
0.089558
0.090134
0.098294
0.151446
0.114461
0.081582
0.121476
0.099032
0.080939
0.108036
0.110398
0.097267
0.099406
0.099466
0.112054
0.111331
0.09963
0.079311
0.08507
0.097348
0.100453
0.114231
0.092109
0.097127
0.088147
0.10865
0.114415
0.086209
0.07923
0.100328
0.094144
0.091187
0.07705
0.090067
0.089398
0.086275
0.097288
0.093126
0.079031
0.101673
0.085068
0.102058
0.092936
0.093971
0.095891
0.103324
0.089116
0.102769
0.10991
0.098007
0.101892
0.091317
0.089591
0.090977
0.090266
0.082033
0.095639
0.100929
0.085185
0.093934
0.09426
0.083628
0.089829
0.088179
0.123322
0.10015
0.10275
0.103536
0.096844
0.103714
0.096474
0.073679
0.105804
0.119997
0.084832
0.0954
0.112846
0.093685
0.091359
0.099838
0.109274
0.087448
0.107235
0.104233
0.116595
0.094031
0.093689
0.084823
0.097705
0.096431
0.107805
0.09278
0.092816
0.098913
0.089892
0.10234
0.101274
0.092625
0.089527
0.106141
0.078092
0.094376
0.101944
0.092976
0.11005
0.097123
0.100041
0.094922
0.095717
0.102664
0.087761
0.093422
0.096658
0.094338
0.093983
0.081385
0.098565
0.075578
0.09555
0.07838
0.143555
0.108596
0.084882
0.086325
0.093809
0.107774
0.095539
0.086904
0.10147
0.109162
0.083506
0.102186
0.089182
0.096522
0.103971
0.098187
0.099815
0.082238
0.089081
0.088936
0.105758
0.107195
0.087361
0.10446
0.088402
0.09814
0.078396
0.077107
0.122842
0.093292
0.111593
0.079916
0.092685
0.112528
0.086648
0.088052
0.090442
0.096951
0.102672
0.105062
0.093973
0.099181
0.09053
0.075858
0.098253
0.090982
0.099572
0.113871
0.085965
0.071873
0.091536
0.078169
0.096161
0.085271
0.083077
0.088434
0.07513
0.083971
0.096317
0.081717
0.097911
0.101054
0.096127
0.073033
0.076591
0.097137
0.097173
0.112647
0.114453
0.095888
0.123605
0.092686
0.107245
0.099736
0.087608
0.09606
0.07801
0.120072
0.086831
0.099695
0.081529
0.099604
0.097347
0.105627
0.100843
0.083619
0.094264
0.097144
0.095852
0.098113
0.099909
0.08165
0.095506
0.103555
0.088092
0.097281
0.08942
0.09554
0.108098
0.114508
0.102798
0.101234
0.100265
0.094866
0.098007
0.089244
0.100056
0.093893
0.108988
0.098094
0.085326
0.09128
0.103416
0.107236
0.083319
0.107911
0.106137
0.090505
0.094943
0.091477
0.113352
0.079471
0.106912
0.109887
0.10488
0.103125
0.092921
0.083752
0.102095
0.099551
0.091073
0.104455
0.103249
0.086136
0.101946
0.091929
0.092289
0.088622
0.08518
0.09365
0.117397
0.10257
0.10677
0.082142
0.116701
0.0885
0.102349
0.073281
0.097535
0.096085
0.096661
0.085312
0.085653
0.099
0.086796
0.111163
0.083549
0.095417
0.084371
0.088984
0.088063
0.085904
0.088102
0.120239
0.086081
0.09802
0.103391
0.091377
0.094803
0.089883
0.088707
0.100379
0.093944
0.100467
0.100731
0.101111
0.088246
0.091298
0.103291
0.096188
0.101191
0.096774
0.08838
0.085279
0.084135
0.096312
0.095969
0.10624
0.097413
0.096799
0.096684
0.113946
0.096882
0.103715
0.086038
0.088161
0.076546
0.08789
0.08285
0.113469
0.065955
0.11104
0.088273
0.112605
0.091883
0.094965
0.089509
0.100179
0.092105
0.104086
0.089343
0.103856
0.083425
0.106071
0.078765
0.08908
0.100813
0.083247
0.099391
0.073008
0.108857
0.099718
0.10079
0.101991
0.095597
0.107452
0.093375
0.100229
0.116133
0.096523
0.080802
0.099206
0.114117
0.098281
0.086355
0.096319
0.079548
0.109571
0.079866
0.114055
0.103804
0.093522
0.096773
0.097831
0.105205
0.099225
0.092176
0.097528
0.106288
0.104075
0.096496
0.104267
0.085754
0.106503
0.104587
0.109312
0.079392
0.094272
0.090134
0.08466
0.098509
0.079711
0.105631
0.094707
0.08614
0.110684
0.097309
0.093731
0.097855
0.086668
0.097783
0.094033
0.117668
0.097214
0.085658
0.096661
0.104929
0.103255
0.099538
0.101766
0.095417
0.124701
0.109268
0.079629
0.09717
0.10014
0.105824
0.091484
0.097942
0.091791
0.105367
0.089322
0.08011
0.082065
0.081929
0.093407
0.099254
0.092639
0.088511
0.099183
0.100805
0.097311
0.096453
0.111111
0.090317
0.105692
0.104979
0.100169
0.092324
0.09717
0.105394
0.109773
0.109448
0.107126
0.086805
0.090145
0.089275
0.087621
0.093673
0.090095
0.088873
0.080291
0.083335
0.084345
0.082051
0.098019
0.090233
0.088998
0.073559
0.140303
0.086929
0.089296
0.091757
0.100451
0.088202
0.094336
0.073715
0.077668
0.084819
0.090099
0.090681
0.082261
0.094072
0.092434
0.084839
0.086846
0.078186
0.076493
0.07955
0.091431
0.089208
0.092859
0.08023
0.095086
0.088452
0.085915
0.100991
0.081926
0.084636
0.085702
0.094013
0.101296
0.083011
0.083343
0.082496
0.107621
0.092709
0.093046
0.080652
0.079302
0.072212
0.105096
0.091353
0.06893
0.081093
0.085893
0.075255
0.089579
0.090783
0.087489
0.072262
0.105482
0.09933
0.085828
0.090755
0.098742
0.082839
0.085979
0.097987
0.092243
0.07437
0.093249
0.114824
0.079298
0.095952
0.090814
0.148056
0.088785
0.082295
0.10793
0.090599
0.107011
0.101534
0.085855
0.094816
0.090577
0.094806
0.094934
0.123259
0.091064
0.091119
0.07958
0.100646
0.084312
0.104662
0.095034
0.091674
0.084867
0.089342
0.089972
0.097026
0.093391
0.09831
0.098179
0.086889
0.118383
0.091545
0.10581
0.096713
0.081762
0.091676
0.103974
0.088906
0.099447
0.114249
0.090028
0.082747
0.095517
0.097317
0.088597
0.116785
0.107677
0.087443
0.099045
0.108405
0.074929
0.087159
0.087598
0.088074
0.094415
0.086003
0.097269
0.093256
0.093747
0.085428
0.085407
0.112517
0.093215
0.081389
0.085385
0.097279
0.10225
0.093903
0.088783
0.104382
0.118214
0.092938
0.093022
0.07982
0.081561
0.088
0.078588
0.08499
0.093681
0.093937
0.101568
0.094012
0.092209
0.087258
0.108187
0.090789
0.086819
0.079187
0.081873
0.096692
0.089335
0.088387
0.081847
0.074201
0.076174
0.084109
0.080598
0.083109
0.094355
0.094616
0.07906
0.090781
0.103131
0.080378
0.090753
0.085103
0.092123
0.09702
0.085632
0.100458
0.089535
0.083321
0.079054
0.073767
0.084348
0.096993
0.072408
0.088638
0.0879
0.08363
0.106736
0.09452
0.093577
0.088093
0.082968
0.098223
0.079341
0.077528
0.096589
0.088977
0.093222
0.116913
0.082017
0.073625
0.096081
0.106841
0.086088
0.081556
0.09771
0.09526
0.081493
0.123229
0.134639
0.104596
0.083052
0.085754
0.097308
0.099147
0.096954
0.100925
0.099866
0.094855
0.081706
0.11841
0.082672
0.088583
0.08981
0.085692
0.08262
0.087408
0.093559
0.092997
0.10626
0.089883
0.094663
0.105441
0.103331
0.096718
0.090097
0.107669
0.111852
0.12853
0.098568
0.107053
0.088057
0.090745
0.129143
0.099532
0.09153
0.108519
0.090579
0.091697
0.092034
0.09066
0.114095
0.12006
0.117611
0.09965
0.101147
0.115967
0.091648
0.1044
0.105476
0.111962
0.099244
0.103546
0.109178
0.095326
0.102329
0.100611
0.101658
0.102287
0.094993
0.092997
0.110394
0.116226
0.106088
0.089875
0.100946
0.109951
0.098581
0.108672
0.086013
0.098425
0.090761
0.093191
0.106439
0.105636
0.085163
0.087952
0.10114
0.09805
0.093701
0.086155
0.1021
0.093125
0.096339
0.107413
0.106982
0.098191
0.101168
0.086004
0.100137
0.097231
0.081674
0.096932
0.089711
0.088094
0.098226
0.096022
0.106467
0.087669
0.113341
0.109247
0.0919
0.082312
0.100846
0.084483
0.101615
0.096576
0.107485
0.107516
0.116946
0.107338
0.091109
0.083928
0.097843
0.094324
0.080906
0.102514
0.108684
0.087451
0.093579
0.097951
0.103506
0.113285
0.105584
0.12778
0.093819
0.093524
0.103368
0.091155
0.092411
0.103739
0.086683
0.098503
0.107403
0.106796
0.088169
0.091203
0.105579
0.104616
0.080549
0.086164
0.102156
0.102326
0.098342
0.097528
0.101188
0.102216
0.102556
0.102545
0.098306
0.086358
0.086587
0.08729
0.084788
0.09243
0.089102
0.089985
0.081282
0.099886
0.080347
0.098888
0.098389
0.084705
0.115021
0.108335
0.106178
0.089907
0.105369
0.103799
0.101099
0.101228
0.102558
0.097277
0.094034
0.082513
0.088136
0.11553
0.094491
0.112957
0.106807
0.113271
0.096069
0.095599
0.115909
0.104053
0.088422
0.109692
0.092467
0.106172
0.10493
0.092028
0.08872
0.120158
0.087853
0.093498
0.088681
0.077278
0.088312
0.107283
0.087279
0.085363
0.086681
0.079305
0.119423
0.110685
0.103064
0.11119
0.109941
0.090728
0.092311
0.090602
0.08352
0.104717
0.101933
0.087918
0.100508
0.091454
0.095583
0.083895
0.098216
0.089144
0.088186
0.102396
0.091178
0.099195
0.090366
0.080119
0.09461
0.088038
0.083902
0.088537
0.091868
0.095614
0.098147
0.09204
0.089772
0.083228
0.112614
0.105025
0.112361
0.082697
0.100162
0.098635
0.107351
0.137004
0.093508
0.080806
0.098376
0.095842
0.085709
0.080792
0.105833
0.095036
0.104478
0.09754
0.077851
0.07867
0.089573
0.109041
0.098901
0.10177
0.088702
0.096706
0.09317
0.080259
0.100275
0.076156
0.133125
0.103413
0.104235
0.107403
0.096042
0.083243
0.117488
0.095483
0.110577
0.119588
0.102698
0.100203
0.106519
0.095641
0.088902
0.075115
0.104656
0.091685
0.095707
0.087315
0.10081
0.090674
0.117755
0.091609
0.092584
0.101507
0.085355
0.089123
0.072839
0.103981
0.097196
0.107784
0.106972
0.100251
0.092529
0.100813
0.082953
0.100609
0.12422
0.10819
0.095151
0.101068
0.09601
0.102484
0.103331
0.104417
0.100087
0.087889
0.097431
0.110821
0.106721
0.083201
0.086288
0.101681
0.091046
0.086615
0.106665
0.089622
0.097822
0.097229
0.110261
0.094057
0.083355
0.102634
0.101251
0.082195
0.106767
0.087869
0.084409
0.09609
0.096578
0.10088
0.109566
0.096026
0.080701
0.088723
0.092308
0.102204
0.102309
0.106217
0.102119
0.089115
0.080897
0.099096
0.083846
0.080581
0.099546
0.111868
0.116978
0.095821
0.103101
0.092212
0.085106
0.094133
0.1011
0.092432
0.097071
0.137314
0.10142
0.097851
0.092605
0.104341
0.101334
0.092706
0.097964
0.095555
0.11235
0.098863
0.073894
0.110891
0.099176
0.088229
0.08942
0.076023
0.096226
0.097623
0.109871
0.097425
0.112526
0.09255
0.123953
0.114516
0.096499
0.084071
0.112548
0.091919
0.082239
0.123841
0.083541
0.094439
0.09922
0.102811
0.113825
0.089635
0.105336
0.100757
0.101456
0.10009
0.071455
0.10979
0.086788
0.095457
0.10837
0.092018
0.096877
0.09227
0.096637
0.110199
0.084026
0.107446
0.095307
0.085392
0.1005
0.098884
0.086722
0.11218
0.09336
0.101138
0.095025
0.10275
0.102213
0.081587
0.102194
0.092365
0.08963
0.107708
0.100585
0.100249
0.093216
0.084701
0.095879
0.098955
0.116425
0.105845
0.094654
0.099033
0.110723
0.097359
0.105838
0.096478
0.110018
0.111988
0.09176
0.094877
0.074809
0.099032
0.097816
0.102401
0.089636
0.088781
0.094309
0.085308
0.098387
0.083029
0.087646
0.097723
0.090086
0.09682
0.113888
0.109275
0.086134
0.087019
0.073277
0.094124
0.082532
0.114292
0.085914
0.096842
0.092352
0.183652
0.1215
0.102264
0.092569
0.089743
0.099831
0.102123
0.114245
0.092461
0.079441
0.105149
0.087173
0.087417
0.087521
0.08271
0.092752
0.123408
0.107484
0.095136
0.120772
0.100961
0.084808
0.109395
0.105445
0.09906
0.080996
0.092459
0.089271
0.11414
0.089523
0.104241
0.08894
0.087601
0.107608
0.100579
0.102283
0.098626
0.10846
0.074262
0.083187
0.114602
0.095467
0.104024
0.099595
0.102336
0.109168
0.092237
0.089849
0.118975
0.097107
0.089878
0.114112
0.098225
0.102228
0.085114
0.106821
0.103691
0.10332
0.07705
0.100208
0.103135
0.08733
0.098092
0.092024
0.100722
0.113868
0.09278
0.104822
0.091609
0.130948
0.090966
0.084098
0.104778
0.095179
0.092494
0.09289
0.099805
0.094604
0.099878
0.098087
0.114517
0.089581
0.113164
0.111006
0.103549
0.0967
0.114457
0.102127
0.097198
0.099575
0.100886
0.088976
0.105862
0.09001
0.091776
0.081234
0.098375
0.10181
0.127007
0.103693
0.098192
0.083596
0.092124
0.095064
0.085543
0.117064
0.106129
0.083164
0.098463
0.089407
0.100354
0.097066
0.098575
0.094602
0.100187
0.10613
0.09638
0.111885
0.080397
0.107336
0.081701
0.109517
0.101065
0.096937
0.091104
0.104149
0.082055
0.107793
0.093654
0.315068
0.104123
0.086325
0.113386
0.100196
0.098507
0.103043
0.085484
0.094087
0.084202
0.080481
0.113114
0.089078
0.070965
0.104106
0.105217
0.10677
0.118229
0.117331
0.091162
0.093552
0.111851
0.075591
0.110563
0.101178
0.099339
0.098811
0.105942
0.105121
0.107609
0.117081
0.112761
0.099214
0.096651
0.100593
0.103403
0.10595
0.118073
0.115635
0.108978
0.110862
0.098997
0.104418
0.085696
0.103726
0.107769
0.095723
0.097313
0.124518
0.099334
0.089555
0.09786
0.098774
0.105427
0.114631
0.103053
0.091561
0.09744
0.104051
0.096554
0.092233
0.1039
0.078147
0.102626
0.100277
0.111526
0.114397
0.099709
0.106901
0.105014
0.096741
0.093123
0.089488
0.08261
0.109741
0.109714
0.092249
0.081491
0.065334
0.083732
0.082545
0.091443
0.103849
0.090253
0.0925
0.117352
0.095685
0.097104
0.11253
0.099882
0.085468
0.077463
0.102166
0.076459
0.082481
0.094783
0.122137
0.097281
0.084669
0.086064
0.086332
0.083513
0.105508
0.098122
0.082628
0.080579
0.103251
0.078991
0.098497
0.084954
0.102781
0.110521
0.085568
0.104173
0.099397
0.11034
0.086749
0.077879
0.100809
0.090599
0.095768
0.108566
0.10338
0.102373
0.112322
0.087379
0.098957
0.098363
0.089711
0.091524
0.069849
0.07228
0.078182
0.079976
0.087433
0.100989
0.106242
0.104455
0.089685
0.085899
0.093233
0.096026
0.091052
0.08582
0.089072
0.103568
0.102388
0.107792
0.095842
0.121358
0.091232
0.101303
0.08309
0.096947
0.08779
0.15903
0.099085
0.090224
0.079188
0.110295
0.081764
0.083647
0.08402
0.104914
0.1118
0.101822
0.087821
0.110895
0.109787
0.095347
0.094484
0.099526
0.099448
0.084614
0.092488
0.102195
0.107905
0.114194
0.092772
0.093572
0.102499
0.094948
0.08392
0.086669
0.098222
0.093421
0.111553
0.089258
0.098522
0.102819
0.100493
0.09987
0.088944
0.095089
0.095962
0.080093
0.108315
0.110283
0.090522
0.091738
0.115457
0.111837
0.098079
0.095624
0.108328
0.090522
0.097447
0.101851
0.097167
0.109666
0.09032
0.095113
0.080274
0.101962
0.102687
0.104937
0.138632
0.10102
0.112473
0.102444
0.093825
0.115512
0.101595
0.113403
0.109447
0.097316
0.08733
0.087367
0.116244
0.102311
0.089454
0.101863
0.102724
0.101342
0.097056
0.082973
0.106198
0.096859
0.093708
0.092017
0.087722
0.08098
0.152309
0.102258
0.079154
0.091944
0.108476
0.083043
0.103428
0.094059
0.074593
0.097668
0.094873
0.152176
0.091761
0.1162
0.111602
0.082504
0.101499
0.091465
0.096912
0.097675
0.088179
0.100076
0.106123
0.101595
0.116095
0.121179
0.103527
0.084221
0.107452
0.094858
0.095079
0.11322
0.077228
0.098133
0.110261
0.103176
0.116817
0.101153
0.099979
0.095414
0.111723
0.104157
0.100899
0.098104
0.105191
0.082039
0.087648
0.097951
0.113089
0.120923
0.096836
0.161749
0.095466
0.0848
0.104058
0.120205
0.085663
0.090473
0.099103
0.094149
0.116433
0.084102
0.119485
0.108198
0.079177
0.104243
0.100818
0.084993
0.084716
0.089791
0.098818
0.083721
0.120217
0.096934
0.085657
0.104056
0.093803
0.117287
0.111341
0.095217
0.096826
0.097806
0.09667
0.113664
0.091521
0.099696
0.091235
0.062603
0.074456
0.180649
0.113488
0.086375
0.088613
0.101148
0.082521
0.087889
0.100347
0.100169
0.109769
0.084453
0.10332
0.084118
0.097973
0.092465
0.105721
0.107562
0.09875
0.089631
0.096897
0.085833
0.106427
0.086227
0.113494
0.086999
0.085972
0.100314
0.098826
0.098581
0.078877
0.106942
0.103825
0.083279
0.103687
0.083835
0.089904
0.13184
0.094785
0.092061
0.115499
0.106348
0.071274
0.097651
0.08461
0.094405
0.096017
0.100251
0.08213
0.107925
0.081524
0.082075
0.07633
0.082094
0.0828
0.090603
0.088022
0.090335
0.082716
0.081996
0.095077
0.081059
0.100016
0.086516
0.085431
0.086968
0.104968
0.112329
0.096579
0.086069
0.10153
0.096883
0.089318
0.101079
0.10733
0.094995
0.093137
0.104546
0.084914
0.106374
0.104052
0.075939
0.109644
0.093021
0.094195
0.105518
0.089908
0.111444
0.116825
0.094454
0.100109
0.096943
0.101607
0.082792
0.085226
0.167977
0.103087
0.177622
0.11338
0.071259
0.061787
0.084876
0.088961
0.094833
0.088481
0.093331
0.074053
0.091367
0.097051
0.08379
0.104429
0.108925
0.084375
0.084507
0.086937
0.074559
0.086104
0.078979
0.085925
0.078979
0.100118
0.083808
0.077723
0.104263
0.088561
0.090862
0.088601
0.08912
0.099339
0.096999
0.087073
0.070274
0.088517
0.075207
0.091909
0.081616
0.084186
0.096787
0.074646
0.097735
0.084065
0.107719
0.083658
0.094355
0.077324
0.104474
0.083022
0.0917
0.083834
0.084153
0.098121
0.095146
0.096539
0.083627
0.094174
0.078736
0.083031
0.094382
0.080372
0.092403
0.112627
0.08556
0.088962
0.09898
0.092492
0.092707
0.102773
0.083779
0.074549
0.081022
0.075305
0.094924
0.079693
0.079488
0.087379
0.084838
0.09865
0.082938
0.09285
0.086955
0.076854
0.088403
0.087923
0.100022
0.09001
0.087593
0.092821
0.077567
0.095687
0.077619
0.130981
0.102918
0.077584
0.083086
0.069194
0.072721
0.080094
0.076122
0.100965
0.088998
0.094433
0.079074
0.094797
0.080477
0.076874
0.06196
0.080027
0.099608
0.086157
0.092871
0.069899
0.102882
0.100701
0.090403
0.086521
0.10055
0.091916
0.077904
0.095762
0.074546
0.099047
0.088049
0.082298
0.070314
0.082843
0.095787
0.081396
0.266036
0.092588
0.070237
0.111047
0.074018
0.096433
0.099406
0.085747
0.095889
0.078509
0.073224
0.086987
0.091416
0.095258
0.065862
0.099607
0.074172
0.094444
0.097203
0.071071
0.073264
0.082477
0.078799
0.075549
0.085972
0.086191
0.092284
0.091122
0.076485
0.096414
0.090657
0.095125
0.079291
0.089834
0.108452
0.088935
0.08105
0.08822
0.082818
0.061094
0.0836
0.091331
0.084519
0.083815
0.074039
0.080461
0.085549
0.086243
0.085203
0.076561
0.097793
0.108023
0.096614
0.088852
0.081485
0.080885
0.082116
0.086373
0.082154
0.08759
0.093547
0.089817
0.07443
0.080963
0.094434
0.088299
0.082389
0.094964
0.082264
0.081775
0.089405
0.096191
0.112695
0.082019
0.077805
0.080847
0.084735
0.083616
0.08567
0.083247
0.077196
0.07552
0.078578
0.088825
0.085888
0.067526
0.069438
0.077639
0.076598
0.097722
0.078562
0.079231
0.089941
0.065199
0.096082
0.077904
0.091913
0.083165
0.05529
0.079808
0.088224
0.078896
0.071272
0.07871
0.081721
0.092838
0.0826
0.083906
0.099532
0.0834
0.090331
0.107344
0.08134
0.085057
0.082522
0.084682
0.099321
0.088778
0.113579
0.083057
0.100741
0.082107
0.077592
0.064321
0.097965
0.095287
0.094602
0.076119
0.087109
0.098402
0.085914
0.085151
0.080563
0.072523
0.077242
0.099452
0.104141
0.089502
0.098919
0.096505
0.085966
0.080314
0.07448
0.086676
0.07825
0.134292
0.081094
0.094725
0.099785
0.091076
0.093952
0.081378
0.099696
0.083399
0.084635
0.075887
0.084614
0.076068
0.092004
0.078295
0.078952
0.075259
0.10893
0.071903
0.070083
0.082787
0.064009
0.056586
0.075793
0.073917
0.100319
0.092498
0.073321
0.080437
0.077248
0.070595
0.081792
0.091257
0.076547
0.078953
0.086827
0.083459
0.076324
0.068593
0.070248
0.072269
0.074596
0.0704
0.070536
0.070331
0.094732
0.070005
0.068338
0.070078
0.069576
0.092221
0.110605
0.087564
0.07477
0.066711
0.104443
0.065376
0.066622
0.078906
0.065538
0.078406
0.08143
0.090416
0.096481
0.079329
0.093764
0.104617
0.090044
0.092222
0.100257
0.076354
0.096521
0.06502
0.084543
0.078539
0.072889
0.093073
0.066749
0.074208
0.099005
0.083828
0.079959
0.071391
0.081818
0.080673
0.075824
0.083521
0.094663
0.702804
0.637303
0.080257
0.11513
0.085336
0.091356
0.088452
0.081844
0.090124
0.09788
0.100137
0.084158
0.082177
0.098271
0.079581
0.082644
0.078699
0.070922
0.08398
0.076885
0.085353
0.080758
0.090275
0.077491
0.080163
0.069208
0.073506
0.076073
0.075213
0.077507
0.071107
0.08385
0.078593
0.078241
0.094482
0.075303
0.086366
0.090635
0.079671
0.086743
0.086868
0.081244
0.072337
0.089184
0.09771
0.100345
0.073896
0.095469
0.081655
0.09713
0.06343
0.377969
0.080595
0.106557
0.091964
0.06297
0.085853
0.078102
0.089725
0.067437
0.076661
0.094784
0.072967
0.089105
0.09635
0.100904
0.100852
0.075141
0.090643
0.082209
0.071481
0.082324
0.068279
0.089497
0.080641
0.093539
0.089829
0.089596
0.086694
0.092811
0.087799
0.084524
0.083377
0.088309
0.071701
0.095634
0.080635
0.100599
0.082192
0.080534
0.085944
0.085914
0.07284
0.078117
0.083545
0.08699
0.084189
0.079596
0.095207
0.101747
0.086565
0.091689
0.089255
0.086328
0.068188
0.099221
0.092953
0.082266
0.071273
0.071057
0.074572
0.080313
0.105277
0.083781
0.069604
0.092201
0.069168
0.091147
0.086862
0.064179
0.094366
0.095694
0.085353
0.075121
0.083846
0.081085
0.069629
0.084775
0.086296
0.087748
0.090632
0.091897
0.088453
0.076118
0.085645
0.072754
0.084876
0.079747
0.082839
0.06336
0.088315
0.07219
0.068464
0.074378
0.073075
0.080801
0.091813
0.084664
0.086472
0.083244
0.076761
0.064855
0.10302
0.089722
0.078839
0.066904
0.09604
0.100942
0.076812
0.091248
0.071302
0.073469
0.092344
0.088432
0.091023
0.084468
0.100544
0.074996
0.084563
0.069943
0.071031
0.078893
0.073736
0.096759
0.076234
0.070891
0.087313
0.08889
0.077526
0.087426
0.081239
0.086055
0.071629
0.085118
0.084718
0.086825
0.069908
0.080613
0.074706
0.071591
0.075568
0.07785
0.088017
0.091038
0.075965
0.094736
0.082183
0.082696
0.079201
0.080656
0.077969
0.100276
0.092991
0.071436
0.05901
0.065507
0.088119
0.069313
0.082906
0.074422
0.085643
0.076829
0.074688
0.078659
0.068844
0.065247
0.077
0.06676
0.086844
0.087408
0.085006
0.08675
0.082587
0.067973
0.073143
0.07503
0.089757
0.070943
0.065367
0.053897
0.086793
0.073628
0.094272
0.074821
0.066986
0.072077
0.073103
0.070403
0.058134
0.091403
0.086258
0.098894
0.096993
0.134005
0.07763
0.06743
0.069477
0.066457
0.068014
0.083223
0.084927
0.066726
0.068194
0.084936
0.086957
0.072778
0.079691
0.077534
0.051001
0.082436
0.093664
0.085468
0.107991
0.074035
0.09472
0.082308
0.063354
0.099976
0.095166
0.090274
0.090504
0.090991
0.084736
0.091228
0.088601
0.073506
0.081984
0.089431
0.085948
0.073317
0.07221
0.073425
0.067613
0.084107
0.10145
0.063293
0.080277
0.06568
0.100726
0.101851
0.091135
0.087271
0.084491
0.08319
0.085243
0.075812
0.063015
0.066823
0.071123
0.089422
0.068663
0.070639
0.085033
0.064139
0.084003
0.078196
0.094254
0.078597
0.091347
0.072184
0.085861
0.080265
0.081588
0.0899
0.070532
0.079196
0.072185
0.089508
0.071471
0.095943
0.072833
0.088063
0.083885
0.064175
0.086078
0.071157
0.073698
0.089879
0.06774
0.06854
0.091307
0.085311
0.104087
0.081626
0.068059
0.093008
0.081932
0.06505
0.078551
0.081395
0.076966
0.079307
0.067568
0.083327
0.077146
0.078658
0.08418
0.100019
0.081049
0.07595
0.078974
0.085454
0.084153
0.081146
0.078177
0.088525
0.08298
0.081649
0.093352
0.084394
0.077486
0.089844
0.101169
0.076989
0.089502
0.090252
0.086077
0.07799
0.061089
0.076527
0.081768
0.079796
0.078863
0.074728
0.064123
0.090601
0.0827
0.087745
0.073452
0.085524
0.081553
0.085679
0.091581
0.102599
0.081686
0.091185
0.096929
0.079986
0.080992
0.071495
0.083587
0.080132
0.089124
0.080091
0.061344
0.074364
0.07416
0.078529
0.087626
0.073802
0.076924
0.089901
0.073254
0.087174
0.081931
0.084029
0.080465
0.070475
0.067858
0.078415
0.080723
0.083874
0.072181
0.085288
0.084081
0.097704
0.094964
0.072063
0.078566
0.074537
0.084679
0.092784
0.068481
0.083692
0.079026
0.090074
0.100933
0.082055
0.071246
0.083674
0.083725
0.081072
0.078709
0.082325
0.080855
0.080153
0.05908
0.076314
0.061217
0.07698
0.060688
0.068903
0.066705
0.074576
0.092893
0.083253
0.071801
0.089744
0.067516
0.08887
0.090309
0.086098
0.082105
0.076534
0.075748
0.072969
0.083863
0.109634
0.093297
0.074973
0.061539
0.070434
0.072054
0.077307
0.071823
0.07145
0.075516
0.079086
0.070291
0.077461
0.063983
0.161687
0.090119
0.075518
0.072893
0.070353
0.062015
0.077227
0.088712
0.102867
0.079951
0.088945
0.068656
0.085431
0.079392
0.072882
0.093501
0.091675
0.083716
0.081284
0.077121
0.078378
0.071179
0.071069
0.10327
0.085878
0.071181
0.076939
0.086189
0.070382
0.077796
0.094499
0.060081
0.073057
0.100453
0.095343
0.065563
0.077536
0.086325
0.080498
0.058192
0.079279
0.067489
0.070653
0.07587
0.081135
0.077274
0.068242
0.074759
0.075591
0.076882
0.082369
0.074327
0.094705
0.081416
0.084773
0.083488
0.071395
0.100432
0.07502
0.069403
0.07952
0.065269
0.086696
0.080769
0.082307
0.091699
0.085666
0.083566
0.0746
0.075885
0.074248
0.074129
0.083486
0.085554
0.076961
0.084882
0.074772
0.096046
0.071942
0.072332
0.064285
0.083836
0.07594
0.083709
0.088282
0.075563
0.083407
0.072003
0.092239
0.081072
0.088547
0.085674
0.062762
0.083187
0.071872
0.058207
0.055224
0.079593
0.078943
0.091083
0.089383
0.076879
0.072305
0.080666
0.068217
0.079676
0.063906
0.088546
0.098314
0.076559
0.083079
0.080133
0.085474
0.085503
0.0705
0.080175
0.077784
0.071071
0.095814
0.082
0.084077
0.089599
0.082919
0.076063
0.089075
0.08764
0.07458
0.071809
0.100167
0.083061
0.068752
0.072073
0.065811
0.070404
0.072293
0.084441
0.079262
0.086956
0.083787
0.08971
0.08205
0.078633
0.08387
0.08999
0.087967
0.077616
0.062052
0.08109
0.078157
0.088571
0.072508
0.092285
0.072272
0.091774
0.083358
0.090235
0.085697
0.080011
0.068672
0.083678
0.091798
0.07023
0.082436
0.080592
0.086686
0.091217
0.069007
0.081551
0.067294
0.083127
0.085682
0.067224
0.06892
0.083588
0.077318
0.070864
0.062461
0.071705
0.077866
0.09958
0.073928
0.084406
0.066039
0.07647
0.059104
0.078585
0.070006
0.074091
0.0684
0.09151
0.080749
0.074335
0.076573
0.075515
0.074496
0.079007
0.085902
0.07793
0.0621
0.079732
0.071233
0.087054
0.09711
0.085631
0.082556
0.076179
0.070029
0.077627
0.089728
0.084875
0.09707
0.077053
0.085445
0.092501
0.073493
0.077513
0.060094
0.088969
0.074242
0.07953
0.081489
0.084501
0.075967
0.084482
0.078187
0.088539
0.077436
0.064877
0.078677
0.067854
0.080137
0.073081
0.092978
0.079578
0.089906
0.092276
0.067129
0.06291
0.070777
0.069603
0.065704
0.073064
0.072225
0.072444
0.075327
0.081064
0.080412
0.086035
0.112569
