0.939783
0.290242
0.215658
0.215179
0.249896
0.257175
0.218026
0.235296
0.237036
0.2484
0.202529
0.227334
0.266924
0.20422
0.272079
0.246478
0.237027
0.230612
0.249226
0.244534
0.247062
0.237259
0.249864
0.235071
0.243019
0.225734
0.2471
0.230984
0.228424
0.241337
0.213658
0.273141
0.241867
0.236604
0.302111
0.330426
0.285456
0.308669
0.223837
0.215944
0.298124
0.307664
0.29162
0.324597
0.2776
0.210658
0.234163
0.247903
0.230078
0.268204
0.249671
0.207854
0.23588
0.228144
0.22992
0.24466
0.215634
0.279913
0.263578
0.251587
0.253634
0.236333
0.243373
0.246209
0.286851
0.237524
0.228154
0.271086
0.203922
0.262983
0.253094
0.269298
0.248625
0.250739
0.227124
0.275174
0.234548
0.268111
0.241186
0.235464
0.250932
0.201617
0.280409
0.246336
0.231495
0.227399
0.23806
0.206137
0.248747
0.245378
0.322522
0.319052
0.322385
0.218185
0.24854
0.213966
0.230116
0.246556
0.223327
0.42791
0.299789
0.347098
0.318372
0.332034
0.285445
0.247872
0.245324
0.280141
0.236375
0.241868
0.304004
0.296023
0.246803
0.222309
0.212772
0.226337
0.256273
0.255837
0.248062
0.243624
0.227061
0.264099
0.225862
0.239977
0.218466
0.236397
0.250309
0.243528
0.274985
0.227096
0.253085
0.262823
0.221812
0.263615
0.241781
0.236794
0.230704
0.244822
0.274352
0.222335
0.262835
0.232728
0.258071
0.243482
0.256488
0.275493
0.240524
0.235671
0.224237
0.250127
0.234572
0.232044
0.250291
0.253063
0.239875
0.236915
0.278922
0.244635
0.263986
0.23206
0.243034
0.255657
0.239975
0.238549
0.243362
0.240599
0.255737
0.228272
0.260236
0.245511
0.248605
0.234023
0.270121
0.255426
0.228404
0.245183
0.210959
0.246692
0.25241
0.264712
0.239372
0.211664
0.226409
0.227586
0.252762
0.252607
0.253042
0.253759
0.288016
0.242131
0.227493
0.222815
0.231221
0.225563
0.232989
0.226858
0.235615
0.25085
0.306051
0.273147
0.211801
0.200829
0.219664
0.249799
0.249174
0.213998
0.222911
0.199817
0.202942
0.246971
0.1932
0.234959
0.227695
0.25257
0.192664
0.226624
0.235864
0.205116
0.253372
0.228492
0.224778
0.218436
0.209558
0.243636
0.232438
0.211208
0.233273
0.218154
0.200606
0.255639
0.195119
0.23143
0.219159
0.212496
0.192728
0.217789
0.220474
0.208871
0.219863
0.219961
0.194687
0.229138
0.229271
0.234773
0.216782
0.220124
0.207631
0.207006
0.193026
0.192493
0.219408
0.265626
0.222946
0.250717
0.221384
0.213233
0.212461
0.222574
0.2362
0.21523
0.222846
0.221943
0.20993
0.191347
0.202003
0.230173
0.201729
0.210496
0.220031
0.215074
0.199052
0.215973
0.216837
0.190271
0.211099
0.200462
0.222071
0.2145
0.222535
0.216532
0.204937
0.216679
0.20729
0.239467
0.200114
0.222598
0.230798
0.200625
0.244422
0.188213
0.227186
0.246567
0.210246
0.18113
0.198359
0.245656
0.221726
0.212096
0.220701
0.204408
0.190661
0.22676
0.198014
0.23419
0.224158
0.207838
0.216739
0.204779
0.229614
0.207401
0.241071
0.200345
0.226442
0.230371
0.223066
0.170131
0.237131
0.210753
0.196568
0.199532
0.194117
0.154687
0.224903
0.209507
0.180509
0.179236
0.179105
0.227758
0.203246
0.208026
0.205584
0.169603
0.23717
0.217171
0.217724
0.227291
0.22599
0.204404
0.206046
0.237056
0.21041
0.187712
0.158661
0.187063
0.202788
0.182543
0.206981
0.20312
0.221372
0.202725
0.209953
0.224573
0.202213
0.177046
0.174854
0.228217
0.214686
0.234482
0.211229
0.190927
0.199322
0.240403
0.223128
0.200844
0.202977
0.198321
0.213599
0.220568
0.197099
0.176162
0.212012
0.189946
0.185601
0.189871
0.195062
0.220159
0.199103
0.218393
0.206888
0.198721
0.210486
0.190778
0.214779
0.212684
0.214241
0.212648
0.206943
0.190042
0.189745
0.194578
0.232868
0.194991
0.206827
0.211256
0.187365
0.200313
0.239944
0.260286
0.185268
0.189502
0.225536
0.195125
0.224378
0.19317
0.222006
0.201125
0.222104
0.202872
0.217008
0.202445
0.197645
0.183518
0.209493
0.173778
0.21715
0.218403
0.205326
0.189521
0.203157
0.216319
0.197143
0.2021
0.234975
0.226081
0.190716
0.1828
0.219876
0.193099
0.215585
0.212233
0.216216
0.213874
0.18974
0.201372
0.19764
0.21587
0.194985
0.220229
0.187531
0.204061
0.197204
0.206268
0.205457
0.213138
0.204567
0.193879
0.207666
0.223061
0.187479
0.200062
0.209034
0.195577
0.217156
0.188322
0.200355
0.204993
0.209094
0.212347
0.180366
0.219429
0.213569
0.215364
0.214396
0.214886
0.205001
0.181989
0.191384
0.188177
0.190303
0.216536
0.208709
0.198155
0.203684
0.198625
0.213376
0.222394
0.189741
0.216214
0.199962
0.216686
0.192279
0.217372
0.184254
0.193735
0.192805
0.183876
0.207142
0.179859
0.214062
0.187929
0.190295
0.22228
0.211326
0.215584
0.185395
0.210932
0.194078
0.210136
0.195773
0.191097
0.19815
0.19257
0.207117
0.201797
0.200375
0.190517
0.181712
0.198605
0.216134
0.201299
0.185371
0.178866
0.190803
0.209858
0.204803
0.221956
0.212501
0.224043
0.19966
0.234388
0.189207
0.190771
0.186983
0.224268
0.207885
0.197265
0.20539
0.203067
0.203051
0.209211
0.229766
0.196888
0.19827
0.224586
0.223187
0.192194
0.217446
0.173996
0.203523
0.185497
0.182462
0.176982
0.177722
0.169886
0.164868
0.187575
0.201124
0.183658
0.17832
0.173713
0.200972
0.182755
0.218911
0.195009
0.205576
0.222613
0.216392
0.190914
0.171592
0.215178
0.191855
0.174683
0.176559
0.191373
0.192063
0.168934
0.198759
0.183052
0.154024
0.176948
0.167872
0.161885
0.1853
0.183458
0.165616
0.189389
0.162493
0.183605
0.196221
0.144397
0.188129
0.188767
0.149174
0.164346
0.167467
0.183688
0.1966
0.18458
0.17586
0.161114
0.178767
0.188885
0.177773
0.180499
0.190375
0.165552
0.173003
0.202563
0.192449
0.180869
0.153416
0.172174
0.186041
0.183171
0.199824
0.182169
0.207713
0.185729
0.174578
0.178908
0.176568
0.160189
0.190494
0.202308
0.19957
0.18655
0.194262
0.200278
0.194605
0.194329
0.197137
0.162374
0.187336
0.176912
0.15506
0.182748
0.180373
0.182885
0.174523
0.208345
0.171284
0.190632
0.180132
0.181662
0.156536
0.18333
0.170468
0.204474
0.210704
0.186519
0.182976
0.187824
0.179205
0.186158
0.189533
0.201288
0.168057
0.200804
0.182798
0.196179
0.184686
0.20629
0.196341
0.177858
0.192005
0.202534
0.190046
0.194455
0.186261
0.208362
0.178987
0.194181
0.186773
0.18113
0.20757
0.178654
0.177576
0.178652
0.200156
0.207888
0.155925
0.256046
0.170688
0.180748
0.176449
0.187579
0.198209
0.178025
0.196286
0.179993
0.18903
0.170783
0.170806
0.192204
0.174275
0.188898
0.178413
0.19777
0.185732
0.184741
0.163671
0.22337
0.147912
0.185327
0.183353
0.192705
0.163482
0.188369
0.17298
0.173156
0.189004
0.181739
0.207266
0.193228
0.177104
0.196707
0.204234
0.204512
0.190111
0.163226
0.129448
0.125973
0.130946
0.12247
0.139787
0.145739
0.137206
0.130065
0.133488
0.142329
0.139997
0.137819
0.122628
0.128365
0.138061
0.134277
0.135623
0.127954
0.122868
0.141742
0.132005
0.101168
0.111465
0.099264
0.107869
0.119201
0.119976
0.117627
0.107349
0.111083
0.105255
0.107801
0.12238
0.103198
0.123577
0.102655
0.109072
0.11043
0.106633
0.117745
0.11802
0.120503
0.105168
0.103893
0.104554
0.104647
0.10412
0.103871
0.104629
0.116589
0.11781
0.100147
0.147441
0.110165
0.117968
0.094705
0.099877
0.107373
0.101357
0.152035
0.117267
0.116217
0.113068
0.108564
0.100721
0.111096
0.098229
0.117422
0.098853
0.115431
0.11099
0.105702
0.102372
0.108996
0.099409
0.103042
0.111291
0.116785
0.105503
0.120865
0.111905
0.097846
0.112719
0.098919
0.100723
0.105709
0.112188
0.103127
0.110245
0.108368
0.097417
0.120429
0.109349
0.10035
0.102517
0.10114
0.104569
0.097014
0.110468
0.099624
0.104281
0.111245
0.113727
0.103797
0.105611
0.107572
0.107284
0.098897
0.104809
0.101157
0.115474
0.103872
0.101277
0.10073
0.271342
0.134475
0.09749
0.109264
0.108627
0.111561
0.109596
0.096303
0.105603
0.101957
0.096053
0.104642
0.104512
0.103942
0.117023
0.105986
0.102592
0.103297
0.117697
0.106777
0.109778
0.091955
0.104767
0.101488
0.096096
0.095225
0.097254
0.102809
0.097768
0.124333
0.107234
0.094471
0.103824
0.101721
0.100957
0.102291
0.098613
0.097973
0.089408
0.09709
0.092109
0.10228
0.099434
0.136471
0.105296
0.095258
0.097816
0.091057
0.107971
0.102382
0.095834
0.093872
0.095598
0.098403
0.097107
0.09928
0.096539
0.091715
0.098215
0.095384
0.125002
0.086999
0.095009
0.099514
0.098118
0.096165
0.087365
0.096923
0.112556
0.098945
0.098274
0.095101
0.101614
0.090385
0.101102
0.105299
0.105221
0.115771
0.110266
0.094622
0.092371
0.095496
0.104768
0.100009
0.095474
0.099268
0.10768
0.09802
0.102061
0.107688
0.103545
0.093733
0.082617
0.135753
0.099995
0.095514
0.100359
0.099801
0.094862
0.099064
0.099988
0.086198
0.101587
0.093036
0.095739
0.092052
0.098921
0.126393
0.092289
0.107351
0.098942
0.109933
0.09913
0.094246
0.105933
0.090062
0.09222
0.09619
0.092729
0.095527
0.09956
0.095358
0.105032
0.100806
0.097522
0.095377
0.120369
0.119405
0.106332
0.109432
0.096439
0.106931
0.14509
0.093303
0.087429
0.092879
0.09389
0.098519
0.09124
0.089767
0.070832
0.095155
0.081838
0.094717
0.088384
0.072306
0.084967
0.08803
0.090214
0.090054
0.073739
0.094483
0.083538
0.093444
0.103611
0.080827
0.090753
0.081604
0.092139
0.082089
0.092586
0.064036
0.07831
0.090246
0.087152
0.097122
0.083721
0.084451
0.105362
0.08837
0.095219
0.079114
0.094748
0.09747
0.097293
0.096675
0.08474
0.087782
0.094682
0.094124
0.086999
0.089717
0.089867
0.091849
0.095321
0.092221
0.08112
0.093823
0.09193
0.087076
0.095194
0.099661
0.084638
0.093224
0.08548
0.093169
0.09689
0.090126
0.096827
0.094521
0.093302
0.124018
0.084238
0.08312
0.093432
0.086155
0.096186
0.080351
0.097212
0.09676
0.07921
0.09274
0.082588
0.097856
0.095852
0.10048
0.099845
0.092608
0.084588
0.095646
0.090967
0.091327
0.086805
0.080761
0.097644
0.060727
0.087596
0.094173
0.090182
0.083692
0.094913
0.087879
0.093385
0.086429
0.095045
0.098743
0.09715
0.089196
0.098523
0.110742
0.099846
0.096383
0.098814
0.092663
0.094255
0.104995
0.094316
0.093572
0.098063
0.091536
0.092809
0.094507
0.088718
0.086456
0.094858
0.082667
0.093122
0.085203
0.083332
0.091579
0.098085
0.092415
0.103421
0.089043
0.096829
0.095789
0.089006
0.100148
0.094358
0.106974
0.093428
0.085155
0.088329
0.088253
0.099546
0.118087
0.09384
0.114124
0.084534
0.093935
0.097976
0.090404
0.095245
0.100707
0.102993
0.092761
0.090193
0.098878
0.095409
0.089017
0.091552
0.102841
0.094391
0.073135
0.09065
0.090336
0.097401
0.088721
0.09944
0.090058
0.10272
0.106802
0.095161
0.085443
0.088118
0.095428
0.095386
0.093002
0.091239
0.090729
0.098619
0.0775
0.114794
0.09875
0.094728
0.092248
0.144013
0.097892
0.086203
0.090915
0.097115
0.091177
0.083411
0.085763
0.088706
0.074419
0.082257
0.080051
0.067406
0.076221
0.076152
0.081803
0.078899
0.073789
0.089422
0.091039
0.081443
0.073262
0.078865
0.086191
0.089576
0.090924
0.091405
0.081056
0.081094
0.092808
0.086015
0.081614
0.08598
0.07078
0.093683
0.111085
0.081309
0.081243
0.087857
0.271043
0.085924
0.091921
0.089741
0.082349
0.091959
0.084011
0.088171
0.078999
0.094804
0.08314
0.095475
0.092673
0.074521
0.094524
0.088727
0.076912
0.083234
0.084421
0.099345
0.090932
0.091506
0.094142
0.075583
0.084572
0.084937
0.082798
0.094435
0.076228
0.085117
0.090462
0.078929
0.093524
0.08495
0.088589
0.087944
0.079447
0.075429
0.077877
0.082738
0.097558
0.065533
0.081205
0.0872
0.084882
0.084032
0.081351
0.086356
0.071948
0.095581
0.093159
0.084337
0.082234
0.083997
0.078777
0.083347
0.08122
0.083007
0.068998
0.085607
0.08587
0.091666
0.080625
0.084071
0.080254
0.085624
0.089078
0.077234
0.086405
0.081972
0.08717
0.091987
0.083803
0.078144
0.098976
0.079586
0.080227
0.096709
0.088482
0.085596
0.085395
0.074148
0.08931
0.080019
0.082524
0.078852
0.099022
0.087175
0.099228
0.081097
0.093135
0.085521
0.078061
0.080431
0.080624
0.079368
0.079414
0.072353
0.07952
0.08137
0.079034
0.090852
0.081021
0.101931
0.093441
0.066627
0.085303
0.077363
0.08576
0.09193
0.079248
0.08771
0.082152
0.087506
0.084473
0.090454
0.08359
0.077919
0.086005
0.076907
0.090139
0.081659
0.085995
0.083087
0.094393
0.082772
0.096653
0.075388
0.077245
0.086736
0.082234
0.089701
0.087707
0.072675
0.085186
0.08544
0.072813
0.083084
0.07964
0.091561
0.077237
0.086059
0.086987
0.079866
0.086512
0.082259
0.085304
0.088471
0.090792
0.078229
0.080323
0.084355
0.082174
0.084992
0.073798
0.092801
0.091607
0.076629
0.088778
0.087258
0.096491
0.087143
0.083672
0.083165
0.090295
0.089611
0.083779
0.082387
0.083622
0.103036
0.087167
0.081065
0.083768
0.083437
0.082872
0.079505
0.09217
0.082888
0.076603
0.083988
0.070201
0.085504
0.07819
0.089222
0.084708
0.078
0.098583
0.084027
0.091649
0.0858
0.100851
0.096353
0.092798
0.082359
0.088331
0.106175
0.094616
0.090128
0.082427
0.077941
0.078137
0.100255
0.096047
0.078626
0.099482
0.06909
0.068662
0.08317
0.075518
0.080039
0.063959
0.086808
0.088875
0.087221
0.084438
0.091292
0.104677
0.116373
0.121207
0.120454
0.141238
0.126787
0.090273
0.082062
0.08195
0.093386
0.081787
0.09149
0.089875
0.078193
0.084664
0.084371
0.12991
0.091265
0.088916
0.093211
0.071974
0.093565
0.085947
0.077846
0.09204
0.094872
0.086404
0.08492
0.074162
0.091843
0.07418
0.075739
0.081158
0.081749
0.090615
0.092128
0.081561
0.087863
0.087824
0.100216
0.090563
0.079088
0.09306
0.089323
0.071165
0.086863
0.073178
0.084571
0.074028
0.076729
0.088462
0.098314
0.077033
0.121762
0.119373
0.129862
0.124535
0.12574
0.085177
0.092127
0.085896
0.060256
0.08559
0.086936
0.095023
0.076433
0.088576
0.080068
0.088762
0.082063
0.079907
0.086378
0.09194
0.085361
0.087519
0.078492
0.068452
0.086876
0.070711
0.077111
0.068756
0.070173
0.078099
0.070095
0.068653
0.069949
0.0745
0.074428
0.062799
0.070148
0.05957
0.069208
0.067045
0.067312
0.058491
0.068756
0.070359
0.066592
0.086024
0.076253
0.075474
0.066591
0.083472
0.077899
0.071949
0.079304
0.073799
0.075484
0.245027
0.067677
0.078702
0.067623
0.06136
0.080208
0.095102
0.059204
0.066862
0.074992
0.078096
0.062473
0.076722
0.070273
0.075643
0.069975
0.056418
0.066092
0.068563
0.068654
0.072579
0.069331
0.072305
0.066042
0.065728
0.058508
0.068527
0.071864
0.064122
0.073496
0.0668
0.063594
0.066342
0.065189
0.065761
0.071571
0.081443
0.070061
0.061431
0.069428
0.072395
0.073152
0.078786
0.066767
0.075288
0.077533
0.062355
0.072917
0.06093
0.067885
0.071014
0.071779
0.06838
0.065217
0.074246
0.06488
0.054984
0.071362
0.071646
0.073197
0.075404
0.067077
0.060375
0.078426
0.07262
0.081736
0.075148
0.067011
0.074371
0.067298
0.071999
0.071056
0.064077
0.072404
0.075913
0.074612
0.075902
0.076115
0.073438
0.068377
0.067633
0.070686
0.070801
0.075017
0.085103
0.082988
0.063702
0.064756
0.081438
0.07867
0.069043
0.067103
0.074122
0.064283
0.078849
0.070272
0.065453
0.068878
0.072699
0.066806
0.060345
0.058652
0.071498
0.082632
0.062873
0.063047
0.079917
0.072452
0.075775
0.069453
0.072907
0.069249
0.070503
0.085672
0.072194
0.071121
0.067331
0.075462
0.061319
0.069102
0.070385
0.074221
0.0612
0.064871
0.081881
0.072335
0.077894
0.073277
0.071047
0.075066
0.073405
0.069472
0.091871
0.080131
0.069012
0.080271
0.07033
0.078869
0.073215
0.069273
0.054866
0.066213
0.065018
0.07148
0.068697
0.071737
0.058399
0.068279
0.073037
0.066734
0.062225
0.067685
0.063945
0.075193
0.059277
0.070028
0.060224
0.077515
0.069603
0.077815
0.067924
0.072385
0.065052
0.075688
0.07274
0.076706
0.068589
0.068608
0.075159
0.074775
0.068591
0.075575
0.071814
0.071296
0.068305
0.063706
0.071201
0.067587
0.076487
0.063189
0.073906
0.067564
0.068604
0.071431
0.054462
0.080336
0.082117
0.069007
0.073323
0.056259
0.064884
0.065686
0.066226
0.066267
0.070903
0.067839
0.072597
0.075218
0.063424
0.068809
0.072155
0.074843
0.069958
0.065731
0.06346
0.061597
0.071066
0.06565
0.075018
0.06645
0.069113
0.061793
0.061859
0.075944
0.066
0.074069
0.064892
0.072335
0.065869
0.055788
0.079805
0.065149
0.067476
0.071883
0.078497
0.069382
0.07663
0.077144
0.07434
0.074931
0.069913
0.070278
0.0724
0.071034
0.059921
0.072952
0.077823
0.081832
0.061814
0.077244
0.085927
0.06242
0.072734
0.067054
0.074478
0.069115
0.063795
0.06488
0.067945
0.077114
0.065824
0.074295
0.054445
0.066097
0.067011
0.080079
0.072994
0.071869
0.074328
0.069676
0.070239
0.065499
0.075014
0.069412
0.07084
0.069625
0.077285
0.077674
0.069879
0.069103
0.06979
0.067915
0.062274
0.068271
0.067113
0.061648
0.067418
0.066002
0.090565
0.066311
0.074225
0.076985
0.080362
0.070242
0.072523
0.071972
0.070699
0.067109
0.079659
0.072164
0.073445
0.073276
0.072428
0.070456
0.06184
0.080863
0.069338
0.075182
0.07052
0.070773
0.071838
0.072008
0.066652
0.075612
0.081859
0.071683
0.066073
0.070559
0.066456
0.067697
0.075037
0.077966
0.061282
0.065888
0.071092
0.07293
0.067366
0.066995
0.062313
0.087284
0.064659
0.059347
0.089246
0.064161
0.07953
0.063289
0.067958
0.078166
0.062598
0.061339
0.075299
0.073781
0.072248
0.07018
0.070939
0.067707
0.066996
0.067263
0.06148
0.062657
0.068061
0.070337
0.067191
0.075403
0.07134
0.072044
0.074133
0.067493
0.057901
0.055666
0.065822
0.067653
0.076417
0.070489
0.066314
0.067678
0.082645
0.062305
0.070204
0.067998
0.075822
0.07598
0.065788
0.06269
0.07022
0.06729
0.063469
0.075741
0.0701
0.071661
0.072186
0.069357
0.060647
0.075783
0.056289
0.073086
0.065755
0.074316
0.069434
0.067344
0.065933
0.070773
0.075302
0.074182
0.079593
0.059161
0.069916
0.067924
0.069137
0.060993
0.069349
0.072734
0.062309
0.06169
0.068679
0.069738
0.066935
0.062928
0.080325
0.073404
0.073124
0.065256
0.060266
0.067905
0.06994
0.072043
0.068229
0.076373
0.056235
0.064925
0.06776
0.071524
0.06485
0.075992
0.078146
0.068912
0.071831
0.069235
0.068153
0.069444
0.073884
0.066581
0.06739
0.063058
0.072553
0.067262
0.072184
0.075596
0.066367
0.074503
0.065048
0.064323
0.071138
0.072171
0.07363
0.069284
0.055164
0.063159
0.063682
0.070432
0.067934
0.070699
0.060938
0.06388
0.069026
0.060808
0.068525
0.070872
0.075665
0.070556
0.076279
0.059351
0.07763
0.065125
0.066776
0.07102
0.066892
0.067896
0.059991
0.063745
0.072308
0.068121
0.072915
0.058615
0.067089
0.059438
0.075578
0.072684
0.064522
0.059748
0.079133
0.06763
0.064194
0.067274
0.059205
0.067754
0.073931
0.067704
0.062364
0.076197
0.063886
0.078619
0.072307
0.065358
0.068273
0.074579
0.078128
0.073154
0.06391
0.069223
0.064282
0.069036
0.06896
0.076645
0.05617
0.063664
0.063043
0.07489
0.065091
0.07153
0.064758
0.08473
0.077306
0.066003
0.073884
0.060465
0.064357
0.076583
0.074126
0.067263
0.067047
0.073634
0.065372
0.065069
0.07419
0.07296
0.077603
0.06151
0.076337
0.071202
0.065558
0.066892
0.111624
0.116716
0.108706
0.100244
0.096
0.089807
0.112842
0.101959
0.090901
0.093983
0.092753
0.091961
0.100573
0.087126
0.108184
0.096227
0.100498
0.089683
0.094353
0.096699
0.104893
0.090456
0.106368
0.089565
0.082312
0.112778
0.088798
0.098493
0.088424
0.093592
0.109329
0.080802
0.101118
0.084994
0.088359
0.120591
0.098631
0.093219
0.099601
0.09104
0.101906
0.083719
0.109949
0.102745
0.095578
0.10042
0.108571
0.095682
0.097083
0.102037
0.104204
0.089266
0.105452
0.099036
0.105469
0.085752
0.094844
0.092037
0.091025
0.098038
0.109801
0.094031
0.091929
0.106568
0.090021
0.096568
0.098353
0.098512
0.094506
0.086357
0.111472
0.101062
0.091788
0.086939
0.091332
0.105102
0.094391
0.094426
0.094453
0.08969
0.10154
0.092828
0.115819
0.091757
0.089553
0.105679
0.110664
0.09349
0.096807
0.105258
0.105845
0.100096
0.112287
0.089822
0.09608
0.088357
0.079489
0.098835
0.103751
0.101597
0.103554
0.108258
0.095406
0.107533
0.090353
0.114001
0.103032
0.099722
0.080271
0.088592
0.106772
0.094955
0.100595
0.089904
0.086594
0.09421
0.113958
0.106276
0.098681
0.096409
0.09235
0.093174
0.064908
0.109976
0.105047
0.091459
0.091998
0.301213
0.099988
0.098954
0.088109
0.080773
0.09712
0.097932
0.100601
0.105856
0.110729
0.08539
0.122661
0.095673
0.10545
0.099515
0.091762
0.094716
0.097561
0.108013
0.114097
0.088154
0.106893
0.09361
0.101702
0.130713
0.113638
0.103093
0.109358
0.089321
0.098693
0.109166
0.116009
0.109979
0.097331
0.101739
0.110429
0.108129
0.107137
0.101009
0.100646
0.098097
0.078446
0.091068
0.086529
0.103974
0.108917
0.106979
0.093871
0.090581
0.105535
0.097883
0.11849
0.093459
0.092781
0.098967
0.102121
0.095344
0.110906
0.118115
0.105018
0.110492
0.094171
0.079417
0.10284
0.092153
0.102522
0.10639
0.109104
0.1065
0.110606
0.089744
0.095556
0.123783
0.108005
0.089797
0.108858
0.099492
0.103015
0.102495
0.116893
0.099981
0.094264
0.104448
0.107031
0.11267
0.096658
0.105205
0.087433
0.094062
0.110547
0.109203
0.103123
0.101308
0.114179
0.104536
0.079619
0.09325
0.092522
0.092932
0.093771
0.119189
0.107382
0.1139
0.100691
0.102833
0.101391
0.095022
0.102664
0.096251
0.10158
0.108912
0.09441
0.095219
0.117738
0.093059
0.093912
0.10335
0.095085
0.10705
0.102152
0.105536
0.104377
0.107693
0.09794
0.113597
0.097244
0.098553
0.094166
0.095032
0.083468
0.093918
0.115188
0.086106
0.098821
0.095351
0.094385
0.10397
0.10343
0.112416
0.09642
0.095358
0.096429
0.106948
0.091809
0.097138
0.092088
0.091688
0.089563
0.104228
0.105079
0.106402
0.108882
0.099221
0.095579
0.090477
0.103297
0.095863
0.086332
0.091218
0.094364
0.102655
0.099641
0.09399
0.110538
0.10535
0.09005
0.103652
0.102345
0.090935
0.09699
0.104007
0.085887
0.10933
0.112042
0.097876
0.097362
0.099494
0.103388
0.097644
0.108631
0.106121
0.079996
0.096087
0.102829
0.096118
0.098146
0.101467
0.10448
0.089649
0.099393
0.109221
0.103189
0.097013
0.105122
0.100847
0.105719
0.096047
0.09881
0.107072
0.103025
0.098047
0.089545
0.084323
0.099108
0.102326
0.101038
0.083839
0.09601
0.109097
0.093646
0.097536
0.114268
0.104441
0.104454
0.082626
0.100207
0.105222
0.106999
0.091499
0.076369
0.100262
0.098985
0.088984
0.104824
0.103557
0.094135
0.103031
0.112377
0.094453
0.099577
0.094477
0.101843
0.090792
0.099008
0.089999
0.108808
0.142742
0.193065
0.079784
0.101813
0.088209
0.075625
0.081778
0.093914
0.084814
0.077075
0.086708
0.086207
0.093113
0.074882
0.083928
0.081573
0.07967
0.103878
0.082806
0.087329
0.084005
0.091559
0.091562
0.095111
0.081872
0.081223
0.086328
0.097859
0.080152
0.078665
0.087479
0.093
0.075751
0.080596
0.080031
0.097521
0.087183
0.081724
0.098713
0.083887
0.082907
0.075306
0.082562
0.088621
0.087448
0.085848
0.086064
0.083016
0.074736
0.083605
0.093378
0.084321
0.092464
0.085718
0.075404
0.087337
0.087258
0.09355
0.084616
0.090776
0.081077
0.089301
0.073201
0.077267
0.097278
0.096866
0.084525
0.087467
0.079746
0.08356
0.08745
0.066066
0.07936
0.070724
0.079441
0.070024
0.08783
0.077303
0.089923
0.084817
0.083828
0.090945
0.080934
0.087156
0.094946
0.0929
0.083408
0.098294
0.28838
0.097699
0.091553
0.078036
0.085797
0.093004
0.111865
0.091227
0.094384
0.083397
0.075134
0.087456
0.085869
0.085242
0.083931
0.090238
0.079911
0.079275
0.090838
0.091156
0.090264
0.082066
0.07523
0.100968
0.090069
0.078778
0.086136
0.071338
0.114178
0.081603
0.088418
0.084082
0.082054
0.094265
0.089727
0.081886
0.087806
0.078101
0.097756
0.084542
0.069423
0.08574
0.074843
0.076387
0.074183
0.096043
0.090374
0.071968
0.085928
0.080943
0.085623
0.090605
0.077904
0.069433
0.077374
0.082428
0.090497
0.079112
0.087789
0.078792
0.078892
0.08563
0.115717
0.083694
0.090162
0.084608
0.073775
0.091029
0.090324
0.077175
0.086579
0.085223
0.088102
0.076645
0.095232
0.087073
0.072627
0.082906
0.082696
0.084308
0.074721
0.082307
0.090987
0.083424
0.084889
0.079822
0.095066
0.087829
0.077979
0.069865
0.087878
0.085348
0.089967
0.091025
0.084761
0.085464
0.096012
0.094717
0.091749
0.089452
0.076432
0.078671
0.084827
0.099342
0.072715
0.079612
0.073731
0.108216
0.086024
0.081388
0.088434
0.088244
0.085599
0.077273
0.080216
0.095227
0.09165
0.091392
0.087447
0.079253
0.088674
0.084829
0.076559
0.074762
0.089393
0.122901
0.08359
0.086757
0.089604
0.074824
0.088823
0.075243
0.086908
0.081452
0.077906
0.0821
0.078779
0.091509
0.080744
0.087194
0.077567
0.074934
0.081522
0.081678
0.072646
0.079558
0.078995
0.091259
0.085165
0.106489
0.086379
0.072023
0.083679
0.084467
0.085445
0.075495
0.078363
0.084397
0.08371
0.088
0.08832
0.089494
0.087928
0.080086
0.087491
0.098304
0.094185
0.089637
0.075387
0.088134
0.075043
0.080978
0.088494
0.094152
0.079519
0.090931
0.076744
0.075369
0.071544
0.083169
0.075433
0.078923
0.086289
0.080935
0.072854
0.095033
0.083424
0.075277
0.082409
0.07896
0.091874
0.081778
0.078879
0.073501
0.088795
0.074581
0.08815
0.105125
0.099418
0.079745
0.089677
0.084381
0.086897
0.074073
0.075633
0.083129
0.084271
0.083026
0.079707
0.077761
0.09802
0.09338
0.086776
0.085917
0.086425
0.079701
0.082191
0.08875
0.082269
0.070323
0.087106
0.080707
0.0799
0.0781
0.092523
0.08433
0.080302
0.091227
0.075731
0.085398
0.074198
0.082607
0.082832
0.076155
0.078306
0.084174
0.076034
0.092436
0.09732
0.075087
0.086184
0.086625
0.085782
0.071412
0.085975
0.08625
0.106617
0.089394
0.098945
0.08175
0.078329
0.090041
0.094124
0.09773
0.077756
0.086863
0.08855
0.095182
0.099937
0.0835
0.097149
0.101642
0.089911
0.091799
0.096837
0.099789
0.098071
0.080696
0.083832
0.100407
0.101116
0.104253
0.100448
0.102468
0.087818
0.105312
0.105713
0.09193
0.084175
0.076884
0.097638
0.090325
0.113698
0.085661
0.09097
0.092677
0.092162
0.090186
0.082824
0.089797
0.090276
0.07997
0.089836
0.087358
0.097808
0.097208
0.088731
0.100655
0.095408
0.100731
0.097461
0.10611
0.105414
0.096043
0.091542
0.0888
0.109116
0.085725
0.094048
0.095164
0.096757
0.116796
0.086302
0.095108
0.094182
0.092493
0.100696
0.089017
0.079634
0.102163
0.086543
0.093148
0.084544
0.096456
0.092067
0.093943
0.339282
0.089991
0.195393
0.091353
0.095055
0.094563
0.085866
0.086577
0.098538
0.094771
0.086448
0.079649
0.110121
0.085924
0.100297
0.091894
0.091139
0.097452
0.10358
0.097799
0.093201
0.104559
0.09442
0.099944
0.092802
0.096103
0.117286
0.102863
0.091987
0.086603
0.095375
0.093041
0.097773
0.09924
0.101805
0.095998
0.101671
0.110769
0.102889
0.095769
0.109668
0.105449
0.099285
0.099236
0.082131
0.085955
0.090866
0.07209
0.093972
0.087458
0.088297
0.107716
0.09682
0.091862
0.089082
0.089622
0.085223
0.088992
0.094188
0.103409
0.098053
0.1049
0.096161
0.087182
0.113696
0.092643
0.103097
0.096476
0.107815
0.084484
0.100819
0.100109
0.092588
0.097471
0.091
0.08867
0.090419
0.083655
0.091158
0.09515
0.097177
0.107656
0.095306
0.101303
0.095476
0.089307
0.10701
0.092287
0.096076
0.095018
0.098896
0.110257
0.099827
0.089986
0.088889
0.087131
0.087872
0.092402
0.100811
0.10754
0.089041
0.092811
0.091335
0.112975
0.103667
0.085332
0.099158
0.094699
0.116936
0.081667
0.095586
0.099685
0.096988
0.092738
0.088287
0.086978
0.09096
0.086196
0.1048
0.098961
0.097607
0.095931
0.075911
0.098424
0.086537
0.092217
0.096395
0.113805
0.099997
0.092009
0.089269
0.108865
0.093931
0.090215
0.103446
0.094358
0.099003
0.099702
0.089086
0.099819
0.100829
0.105299
0.108572
0.101793
0.122401
0.097009
0.090198
0.081233
0.107643
0.102614
0.095887
0.099442
0.082338
0.103647
0.094362
0.090638
0.086386
0.104097
0.103069
0.101036
0.086277
0.093102
0.086815
0.080701
0.10724
0.082475
0.091608
0.104858
0.101053
0.0906
0.086087
0.091715
0.097075
0.097965
0.095433
0.078432
0.100474
0.090376
0.104007
0.086811
0.100732
0.101337
0.095737
0.092902
0.096112
0.0989
0.108637
0.087414
0.101391
0.102367
0.105994
0.086813
0.089774
0.092829
0.082266
0.102522
0.101872
0.096919
0.096887
0.083249
0.092466
0.093561
0.102684
0.097301
0.109477
0.089435
0.099263
0.104846
0.080162
0.10666
0.088398
0.094544
0.105721
0.078311
0.080827
0.081318
0.084971
0.081849
0.09177
0.099414
0.103378
0.100779
0.096896
0.095581
0.109363
0.088689
0.105138
0.10215
0.086019
0.095137
0.086574
0.089254
0.106155
0.096468
0.096168
0.098391
0.089835
0.107178
0.088771
0.098283
0.096826
0.111362
0.09698
0.080897
0.088262
0.107814
0.092489
0.08864
0.08658
0.102452
0.104832
0.088299
0.090537
0.09559
0.095926
0.100066
0.095067
0.09319
0.083922
0.104408
0.09653
0.100908
0.090815
0.10155
0.085276
0.113771
0.095725
0.097653
0.095475
0.099034
0.103656
0.100527
0.095457
0.100237
0.095165
0.091887
0.102135
0.091985
0.092778
0.099054
0.098893
0.098255
0.097112
0.097361
0.1029
0.101036
0.098964
0.074786
0.087939
0.101019
0.089715
0.109342
0.085902
0.096229
0.091549
0.095
0.09699
0.101801
0.102706
0.090627
0.100067
0.097816
0.085467
0.085213
0.109253
0.099197
0.084714
0.111894
0.093722
0.09677
0.097026
0.090125
0.084893
0.097663
0.0922
0.09648
0.071993
0.092049
0.093701
0.095071
0.094834
0.095785
0.087678
0.095338
0.09468
0.083287
0.333872
0.113555
0.092335
0.098339
0.095837
0.084978
0.105332
0.089783
0.0927
0.095723
0.103156
0.078885
0.074415
0.091283
0.093994
0.08252
0.095213
0.111619
0.082165
0.082454
0.095895
0.091917
0.088028
0.094266
0.093036
0.075778
0.083042
0.091905
0.090083
0.083979
0.096241
0.078417
0.11349
0.089058
0.095288
0.085779
0.100615
0.066322
0.090786
0.094792
0.101604
0.09698
0.092922
0.104388
0.090032
0.105953
0.103731
0.088884
0.094467
0.090024
0.109792
0.094275
0.096197
0.092896
0.081988
0.101489
0.086394
0.089057
0.109455
0.101791
0.088796
0.091428
0.081965
0.082572
0.097321
0.079634
0.095106
0.095444
0.091233
0.096443
0.084323
0.088713
0.093466
0.093052
0.096219
0.092901
0.093319
0.086744
0.093093
0.112666
0.087939
0.08756
0.078774
0.086228
0.077259
0.103729
0.090044
0.091007
0.080275
0.091203
0.091937
0.087157
0.090617
0.10641
0.087524
0.099755
0.11048
0.092005
0.100097
0.095547
0.100045
0.097421
0.086204
0.091827
0.086972
0.084161
0.082201
0.104688
0.103879
0.090387
0.08409
0.08407
0.081223
0.090586
0.08195
0.078913
0.097529
0.082055
0.105392
0.08687
0.08286
0.085661
0.100794
0.086596
0.095129
0.085227
0.08415
0.088307
0.102805
0.079623
0.098167
0.099958
0.106336
0.102437
0.101946
0.090505
0.095443
0.090077
0.080963
0.087152
0.094977
0.159643
0.106942
0.086584
0.0974
0.075442
0.088111
0.075874
0.091666
0.098442
0.084753
0.089076
0.078538
0.080429
0.090327
0.089842
0.096952
0.096943
0.088851
0.072446
0.111948
0.096997
0.074475
0.091876
0.091196
0.079941
0.091592
0.097084
0.100519
0.086274
0.086713
0.121911
0.096335
0.079501
0.088053
0.083651
0.096109
0.113792
0.089354
0.087359
0.07766
0.072638
0.081493
0.102001
0.094958
0.080951
0.086216
0.08738
0.094961
0.079446
0.092339
0.08526
0.078897
0.08412
0.095513
0.09433
0.089938
0.101296
0.099488
0.093919
0.096928
0.082977
0.104697
0.083942
0.083409
0.096605
0.089112
0.086845
0.089855
0.106117
0.096268
0.096553
0.082255
0.092929
0.090566
0.08997
0.091668
0.092264
0.084364
0.092502
0.086936
0.092998
0.096215
0.09152
0.107574
0.108229
0.085478
0.099164
0.099692
0.084602
0.088771
0.089174
0.086554
0.087148
0.087696
0.095047
0.07554
0.087654
0.085152
0.087681
0.082232
0.092436
0.089997
0.080928
0.107459
0.089964
0.080404
0.092114
0.083309
0.099968
0.094094
0.090628
0.091084
0.094464
0.092633
0.084929
0.097773
0.095107
0.102327
0.10187
0.079625
0.088078
0.093396
0.077233
0.083988
0.099419
0.085905
0.088047
0.102202
0.08433
0.07056
0.080073
0.085622
0.075177
0.091845
0.079362
0.088841
0.078193
0.081488
0.100454
0.095864
0.079108
0.08549
0.081604
0.096437
0.093118
0.099695
0.085348
0.089023
0.069308
0.091584
0.077071
0.091166
0.082803
0.079812
0.08806
0.085034
0.085963
0.095517
0.097626
0.08501
0.088091
0.09724
0.082617
0.09179
0.076341
0.096585
0.081575
0.083347
0.077495
0.092532
0.085105
0.095549
0.088848
0.103772
0.109661
0.078818
0.095782
0.095945
0.102157
0.092119
0.098462
0.08813
0.093369
0.074131
0.089869
0.086787
0.090683
0.089755
0.089205
0.087638
0.08325
0.109961
0.098768
0.094162
0.088922
0.090795
0.314469
0.108962
0.102272
0.083958
0.104073
0.077331
0.084155
0.086621
0.090141
0.092873
0.081535
0.091467
0.089133
0.09365
0.103977
0.078949
0.10107
0.089269
0.088331
0.094696
0.074475
0.092178
0.089064
0.093249
0.079111
0.104078
0.087481
0.10157
0.08661
0.096599
0.105615
0.100578
0.088279
0.087965
0.088833
0.091054
0.081287
0.105987
0.100377
0.073664
0.097011
0.09267
0.086407
0.095677
0.096024
0.091438
0.098161
0.09678
0.091576
0.087094
0.111098
0.09647
0.090112
0.090288
0.092117
0.088804
0.100564
0.070085
0.097877
0.090346
0.092339
0.092675
0.081742
0.064928
0.080882
0.081467
0.082491
0.090771
0.083724
0.083375
0.100031
0.089569
0.086933
0.099725
0.081969
0.084252
0.096365
0.086899
0.099032
0.089367
0.095339
0.08919
0.092038
0.08132
0.079947
0.092937
0.087411
0.089241
0.077598
0.095134
0.085781
0.099426
0.093672
0.0885
0.105291
0.088731
0.091641
0.086067
0.08089
0.113072
0.082403
0.086884
0.085342
0.090594
0.108964
0.094204
0.096998
0.090367
0.08369
0.087037
0.093143
0.078046
0.079518
0.106736
0.088211
0.087718
0.091483
0.086317
0.094514
0.0894
0.093966
0.099726
0.098528
0.097823
0.090327
0.101562
0.082722
0.091489
0.096524
0.094611
0.091613
0.089224
0.094139
0.096627
0.086533
0.113044
0.097372
0.084222
0.090343
0.075599
0.092482
0.078743
0.089017
0.0896
0.080378
0.09242
0.079624
0.096109
0.075941
0.087336
0.094319
0.100463
0.08183
0.094162
0.098007
0.078333
0.085813
0.094683
0.097564
0.077678
0.085702
0.088319
0.096895
0.089614
0.080866
0.101963
0.080415
0.084341
0.086957
0.103187
0.085169
0.086934
0.098004
0.085771
0.098268
0.082557
0.09359
0.083528
0.098348
0.088795
0.101735
0.084151
0.102862
0.092335
0.091305
0.093754
0.086947
0.08173
0.08797
0.090253
0.100302
0.077916
0.08697
0.099117
0.108374
0.080485
0.091221
0.084809
0.092254
0.0862
0.08812
0.080487
0.087617
0.094805
0.091156
0.093368
0.091133
0.090574
0.084651
0.094445
0.094905
0.082177
0.085976
0.083907
0.095402
0.096437
0.083666
0.096328
0.109667
0.091538
0.080053
0.091348
0.072316
0.098708
0.09005
0.090285
0.118889
0.106088
0.078422
0.083209
0.087183
0.102715
0.100672
0.08599
0.081394
0.090603
0.100147
0.092168
0.089109
0.104395
0.103344
0.095523
0.080582
0.085925
0.081273
0.08372
0.07793
0.090372
0.089083
0.08896
0.096475
0.101297
0.101606
0.089368
0.099206
0.084504
0.087936
0.079817
0.091468
0.081599
0.087759
0.078255
0.075794
0.096224
0.088385
0.08564
0.084464
0.088589
0.098722
0.1059
0.0924
0.094182
0.103195
0.087736
0.099944
0.090887
0.091396
0.088969
0.084742
0.089973
0.091874
0.08786
0.096113
0.099927
0.106289
0.084618
0.093636
0.094894
0.100465
0.109108
0.098756
0.095113
0.095288
0.094142
0.086826
0.090198
0.087042
0.085727
0.088709
0.098386
0.08019
0.088124
0.086228
0.092167
0.094214
0.076755
0.088352
0.088909
0.076337
0.091033
0.10247
0.089166
0.087881
0.096823
0.076217
0.095394
0.087298
0.074696
0.092579
0.087719
0.093236
0.089103
0.101542
0.083911
0.103333
0.088653
0.095737
0.091144
0.091519
0.09072
0.082456
0.077815
0.087349
0.090962
0.303555
0.120046
0.091561
0.096469
0.083353
0.083536
0.095868
0.087254
0.068605
0.07145
0.093322
0.082132
0.073381
0.102181
0.08526
0.084475
0.118595
0.100287
0.095306
0.084812
0.088173
0.092454
0.08581
0.085199
0.085041
0.098618
0.080044
0.092438
0.08951
0.095101
0.096373
0.098606
0.090213
0.09216
0.077616
0.095078
0.07876
0.075399
0.090975
0.093508
0.097986
0.080272
0.086345
0.078546
0.07957
0.088403
0.090619
0.086408
0.088661
0.08896
0.087707
0.083661
0.077625
0.081833
0.102322
0.094815
0.071252
0.094027
0.083851
0.095225
0.081181
0.09268
0.067592
0.093593
0.089508
0.100415
0.089703
0.091015
0.103941
0.085981
0.096054
0.090798
0.087868
0.080693
0.096276
0.101994
0.088066
0.094498
0.086152
0.087837
0.106488
0.098166
0.117678
0.091316
0.09556
0.090473
0.099512
0.089003
0.097034
0.098983
0.082426
0.087529
0.102941
0.115613
0.094063
0.097346
0.106531
0.099084
0.084095
0.09639
0.115295
0.097001
0.111622
0.119863
0.09952
0.096331
0.083383
0.100599
0.101691
0.099122
0.094946
0.101474
0.103395
0.08057
0.095826
0.089097
0.094303
0.093321
0.099316
0.08916
0.084054
0.104823
0.105109
0.088897
0.097468
0.096709
0.084422
0.099664
0.086875
0.090356
0.102108
0.097507
0.085387
0.099357
0.091007
0.100518
0.102965
0.096629
0.095902
0.087295
0.110903
0.097018
0.09837
0.0996
0.093929
0.092589
0.094827
0.098535
0.113106
0.094375
0.085406
0.088107
0.094883
0.090502
0.078777
0.088896
0.096157
0.102534
0.099253
0.100442
0.098334
0.103872
0.087259
0.091608
0.090151
0.094129
0.086153
0.077891
0.098118
0.077938
0.068384
0.110946
0.075607
0.103624
0.084597
0.079483
0.099957
0.097062
0.095646
0.10302
0.101946
0.101916
0.089913
0.08386
0.102198
0.086875
0.11101
0.096908
0.090456
0.097921
0.094891
0.095115
0.088692
0.102806
0.089247
0.110679
0.099887
0.080412
0.075097
0.103814
0.111302
0.107455
0.075725
0.085639
0.08739
0.091098
0.103102
0.095246
0.090763
0.088566
0.089147
0.105638
0.088819
0.093192
0.087307
0.102123
0.115492
0.097753
0.087507
0.097546
0.092048
0.10364
0.085099
0.089409
0.096636
0.093342
0.102694
0.112696
0.103526
0.096883
0.090469
0.102142
0.081369
0.093193
0.10613
0.093008
0.087192
0.099077
0.075612
0.090386
0.09668
0.110126
0.119973
0.0919
0.099249
0.104819
0.100529
0.102414
0.089343
0.095234
0.098386
0.082296
0.093377
0.10916
0.085974
0.087125
0.092473
0.099938
0.095174
0.089498
0.09221
0.104734
0.080004
0.086693
0.088701
0.101041
0.096873
0.092034
0.097577
0.107841
0.095737
0.089455
0.08868
0.103013
0.091217
0.093486
0.099203
0.093367
0.092015
0.090531
0.091535
0.100728
0.109884
0.088059
0.107373
0.095703
0.095548
0.093739
0.100235
0.092806
0.096529
0.101597
0.092269
0.087314
0.098903
0.104726
0.098312
0.081485
0.084352
0.098722
0.08361
0.10144
0.097866
0.098334
0.097425
0.101251
0.111331
0.096595
0.097774
0.092626
0.106451
0.101329
0.091035
0.09329
0.094602
0.098583
0.084232
0.098644
0.100161
0.098607
0.095462
0.095897
0.085762
0.099067
0.097537
0.100879
0.101618
0.091275
0.082409
0.084108
0.081818
0.103182
0.113377
0.086769
0.105205
0.104469
0.088403
0.279133
0.09637
0.103438
0.095715
0.09345
0.107299
0.086031
0.096597
0.099437
0.096249
0.095389
0.098695
0.102106
0.092921
0.087055
0.106394
0.079571
0.097658
0.092214
0.087422
0.089103
0.087507
0.092545
0.098212
0.094845
0.083446
0.075471
0.09697
0.08618
0.095161
0.103212
0.109627
0.088843
0.082592
0.088892
0.103958
0.091726
0.100794
0.075294
0.085432
0.087979
0.084935
0.089293
0.097203
0.123035
0.098945
0.097658
0.097864
0.112528
0.098412
0.092055
0.09419
0.087872
0.1063
0.098181
0.093716
0.100109
0.105581
0.101044
0.089881
0.114704
0.090266
0.093291
0.089062
0.091812
0.086857
0.098849
0.101439
0.096747
0.098513
0.088481
0.099795
0.103041
0.10319
0.101756
0.095585
0.097432
0.096782
0.099773
0.09749
0.090163
0.092207
0.100159
0.102089
0.083072
0.095684
0.096501
0.093991
0.098437
0.083768
0.099397
0.092901
0.094013
0.090114
0.101523
0.089692
0.099938
0.092109
0.096961
0.116147
0.092316
0.091719
0.086269
0.090806
0.100006
0.076143
0.092947
0.084142
0.11486
0.091653
0.078462
0.093648
0.08145
0.090534
0.09653
0.110454
0.087917
0.084636
0.086271
0.08935
0.085116
0.095466
0.078246
0.094707
0.10153
0.095461
0.102521
0.093502
0.100849
0.092197
0.084559
0.089976
0.100834
0.095131
0.103684
0.097302
0.083562
0.116132
0.105142
0.098646
0.093002
0.108251
0.11579
0.087665
0.088443
0.106096
0.102903
0.099045
0.095669
0.10657
0.112141
0.103382
0.099676
0.103145
0.101173
0.083929
0.085352
0.088417
0.096751
0.095593
0.093459
0.107576
0.086887
0.083002
0.094303
0.099258
0.106091
0.133302
0.101755
0.089235
0.099536
0.091189
0.094156
0.093189
0.101078
0.073005
0.090994
0.106046
0.079393
0.090916
0.086257
0.086682
0.073541
0.106283
0.079085
0.11335
0.089283
0.094915
0.098454
0.098555
0.091137
0.099561
0.091485
0.091696
0.08937
0.089931
0.089128
0.104375
0.091043
0.099001
0.098215
0.082287
0.071322
0.091349
0.088554
0.099153
0.087825
0.085995
0.101399
0.09758
0.104613
0.101626
0.092486
0.096502
0.090863
0.100939
0.08867
0.101252
0.086025
0.102982
0.079281
0.099185
0.101367
0.077416
0.094201
0.088982
0.086748
0.086859
0.106723
0.088362
0.086163
0.080131
0.094535
0.093397
0.107689
0.075657
0.094283
0.091247
0.096703
0.095105
0.123314
0.09957
0.104535
0.097134
0.097978
0.092826
0.087617
0.099345
0.084055
0.084989
0.087927
0.104194
0.095469
0.086488
0.074259
0.112345
0.102923
0.100375
0.114267
0.090948
0.094827
0.092444
0.084342
0.092339
0.095625
0.089685
0.090813
0.089542
0.094164
0.096669
0.076479
0.109006
0.100166
0.102069
0.110599
0.098274
0.094052
0.105328
0.112925
0.106483
0.111424
0.095559
0.085726
0.100551
0.094176
0.096598
0.102606
0.089352
0.099436
0.106987
0.105089
0.107835
0.107749
0.093974
0.093806
0.104858
0.086761
0.089504
0.097361
0.090082
0.103583
0.083385
0.098449
0.092837
0.1077
0.08525
0.093983
0.090683
0.080721
0.101784
0.096044
0.102848
0.090687
0.093456
0.090685
0.096358
0.088429
0.092534
0.086904
0.099063
0.124136
0.095008
0.112928
0.110989
0.105368
0.097953
0.087428
0.09624
0.109154
0.088579
0.107399
0.071959
0.088859
0.098291
0.090211
0.098186
0.109456
0.082155
0.097673
0.079568
0.106392
0.10084
0.09407
0.099194
0.092601
0.096945
0.106797
0.097936
0.091522
0.088651
0.084536
0.111123
0.097759
0.095764
0.081457
0.090439
0.11935
0.097424
0.09154
0.0866
0.100558
0.101642
0.094272
0.101018
0.085277
0.093946
0.091045
0.09853
0.097509
0.112226
0.081109
0.106944
0.10608
0.082206
0.081447
0.079171
0.098714
0.094171
0.107294
0.082008
0.083638
0.099667
0.094309
0.080571
0.098743
0.083096
0.091475
0.086094
0.080656
0.085246
0.098446
0.097235
0.103447
0.101841
0.100125
0.099285
0.088636
0.091043
0.107388
0.100003
0.078625
0.108406
0.09397
0.080934
0.076806
0.099438
0.083121
0.087848
0.102596
0.085965
0.095517
0.073029
0.091111
0.106527
0.082375
0.087839
0.086785
0.093597
0.089956
0.08968
0.078621
0.111037
0.098203
0.089136
0.110087
0.09091
0.096634
0.097872
0.093432
0.104444
0.094214
0.091495
0.095504
0.094095
0.081795
0.080616
0.090013
0.095676
0.087314
0.084208
0.082438
0.085726
0.11065
0.108169
0.092003
0.101134
0.097597
0.086575
0.081975
0.091061
0.092146
0.085801
0.079434
0.095572
0.086971
0.112324
0.092211
0.089732
0.09968
0.092019
0.101255
0.091387
0.08991
0.099507
0.096477
0.095525
0.111927
0.099755
0.094715
0.096557
0.092841
0.090634
0.07033
0.089603
0.096227
0.091074
0.084588
0.094332
0.101988
0.073592
0.092208
0.105118
0.087361
0.090638
0.12453
0.097641
0.098573
0.08698
0.104747
0.090536
0.095181
0.089138
0.09582
0.087306
0.107819
0.097441
0.087234
0.096948
0.093352
0.091853
0.098906
0.100524
0.103919
0.096497
0.097822
0.093993
0.095528
0.097181
0.096679
0.091767
0.095569
0.101584
0.108483
0.096851
0.091965
0.091971
0.086916
0.110791
0.079521
0.079901
0.080418
0.099117
0.088183
0.097283
0.103991
0.099858
0.064877
0.099004
0.108394
0.096055
0.09681
0.10138
0.100976
0.093406
0.091126
0.089883
0.098754
0.089183
0.090534
0.086228
0.09066
0.108957
0.093761
0.085494
0.080015
0.094026
0.100782
0.079884
0.093986
0.094369
0.096283
0.102139
0.093666
0.088865
0.093718
0.09348
0.096693
0.099307
0.107581
0.093814
0.069898
0.094578
0.084557
0.09713
0.086245
0.115733
0.099685
0.089113
0.091319
0.079714
0.108877
0.097155
0.096412
0.09331
0.088309
0.085947
0.095209
0.077291
0.072449
0.085161
0.095213
0.090219
0.08174
0.089176
0.083828
0.104299
0.093111
0.088992
0.096827
0.112884
0.114275
0.121906
0.084257
0.081177
0.095143
0.093028
0.106291
0.106253
0.099855
0.098737
0.110071
0.074333
0.101417
0.097786
0.095159
0.111586
0.10631
0.1009
0.084264
0.102837
0.106787
0.109726
0.093422
0.093367
0.096004
0.095096
0.102999
0.096129
0.096417
0.095709
0.091406
0.105884
0.109789
0.10188
0.101128
0.102077
0.07502
0.092934
0.096434
0.105255
0.078646
0.100151
0.089338
0.099658
0.098746
0.086975
0.099281
0.109138
0.069378
0.102001
0.096047
0.095824
0.102636
0.08939
0.088654
0.100706
0.088545
0.09905
0.094707
0.085035
0.096365
0.091817
0.079829
0.11543
0.105614
0.100799
0.108687
0.08649
0.081088
0.098546
0.095095
0.104206
0.100624
0.095287
0.106668
0.101141
0.095116
0.090226
0.096328
0.095816
0.094675
0.09846
0.092556
0.09576
0.098229
0.094421
0.097373
0.092928
0.107191
0.098113
0.113016
0.087931
0.098149
0.100482
0.112357
0.097849
0.095327
0.095854
0.102966
0.092424
0.090975
0.101947
0.098524
0.096224
0.08543
0.097813
0.108311
0.088841
0.088137
0.082596
0.097804
0.101299
0.103354
0.096548
0.101456
0.111433
0.097937
0.093588
0.103501
0.101421
0.107258
0.094557
0.098433
0.09768
0.106652
0.103641
0.084064
0.100198
0.103552
0.095944
0.094057
0.094502
0.110373
0.100683
0.099003
0.109035
0.096013
0.094348
0.10586
0.09819
0.093963
0.062368
0.102797
0.096277
0.099974
0.090185
0.093807
0.118119
0.112676
0.083832
0.103162
0.092099
0.09502
0.094185
0.098567
0.103104
0.097781
0.076545
0.09753
0.109428
0.105342
0.099397
0.091106
0.091524
0.075208
0.085535
0.08728
0.086118
0.115813
0.090465
0.092708
0.096661
0.09545
0.08897
0.111517
0.093746
0.088522
0.090298
0.106521
0.092069
0.101882
0.088401
0.094568
0.099683
0.090991
0.091697
0.117273
0.083965
0.078809
0.093955
0.098454
0.093534
0.086041
0.108787
0.105359
0.100387
0.093198
0.09105
0.074047
0.085622
0.108039
0.110796
0.088599
0.10778
0.085157
0.109063
0.092187
0.110064
0.082726
0.122135
0.124053
0.0952
0.094946
0.09421
0.106687
0.089979
0.107957
0.103388
0.090718
0.085162
0.089837
0.09341
0.098755
0.089466
0.105751
0.106753
0.10897
0.081818
0.069431
0.086074
0.090632
0.103184
0.088048
0.104309
0.097112
0.080686
0.099045
0.087235
0.093076
0.098252
0.105635
0.091603
0.101812
0.096182
0.109108
0.1068
0.097877
0.098074
0.087916
0.094995
0.090556
0.10549
0.086266
0.102566
0.099563
0.097048
0.089855
0.084612
0.109085
0.097774
0.108943
0.104461
0.0999
0.092067
0.075958
0.093225
0.096789
0.102857
0.089512
0.099565
0.10027
0.101445
0.090311
0.11349
0.102328
0.081725
0.100876
0.104626
0.106746
0.085266
0.089309
0.100925
0.108872
0.090655
0.085775
0.111737
0.091904
0.094591
0.111331
0.107248
0.104563
0.089605
0.090016
0.089176
0.087066
0.104356
0.105745
0.095243
0.105434
0.091351
0.097331
0.100872
0.090804
0.096269
0.102502
0.087803
0.088895
0.106224
0.107366
0.095203
0.103088
0.090122
0.084914
0.079341
0.094593
0.102905
0.111367
0.109419
0.099585
0.095034
0.099966
0.089873
0.110649
0.091237
0.100937
0.100085
0.114595
0.087136
0.103597
0.099199
0.1045
0.101739
0.11408
0.103924
0.102056
0.112004
0.102932
0.101005
0.109596
0.117499
0.107497
0.10017
0.100046
0.104216
0.106687
0.094789
0.098731
0.107993
0.098769
0.104037
0.092541
0.07936
0.112384
0.102361
0.085369
0.095667
0.11141
0.095615
0.106206
0.084493
0.106441
0.094565
0.112184
0.104858
0.114825
0.093492
0.101993
0.084398
0.100514
0.086385
0.105043
0.08562
0.097503
0.0939
0.083711
0.099773
0.094801
0.100618
0.110136
0.092864
0.098527
0.09434
0.112165
0.094794
0.105545
0.110928
0.103924
0.097297
0.106091
0.093609
0.098
0.106943
0.098644
0.104259
0.102527
0.09187
0.090894
0.087386
0.094255
0.104292
0.085155
0.105089
0.10713
0.080598
0.083578
0.10762
0.097003
0.098885
0.109691
0.098689
0.104761
0.109077
0.098521
0.100722
0.095996
0.102106
0.104358
0.096572
0.104721
0.092313
0.098087
0.098631
0.103466
0.08486
0.100909
0.102009
0.08838
0.101638
0.105172
0.108631
0.101594
0.10437
0.09774
0.097127
0.102843
0.105841
0.106638
0.088403
0.092044
0.101313
0.108471
0.090847
0.082987
0.105169
0.086486
0.115793
0.090841
0.101423
0.110047
0.092735
0.109605
0.103432
0.102755
0.095394
0.105355
0.098823
0.101929
0.100674
0.08934
0.10912
0.102917
0.110034
0.10125
0.110724
0.102281
0.088477
0.107914
0.089382
0.110287
0.097592
0.100376
0.098072
0.087743
0.081431
0.103137
0.087438
0.11232
0.099965
0.109197
0.081209
0.098352
0.105987
0.099238
0.075639
0.092089
0.112745
0.110254
0.10366
0.086258
0.104409
0.090798
0.106656
0.104541
0.089183
0.097253
0.096102
0.092192
0.097323
0.110949
0.105617
0.104545
0.110406
0.103855
0.11371
0.105548
0.104095
0.098021
0.103689
0.08769
0.096185
0.079149
0.122046
0.099082
0.108255
0.094677
0.093024
0.100055
0.106433
0.086895
0.107936
0.10633
0.109936
0.103393
0.103056
0.090611
0.096588
0.087218
0.123135
0.105925
0.087049
0.098378
0.098615
0.098335
0.091557
0.097379
0.080819
0.102639
0.10224
0.100221
0.092265
0.097566
0.087391
0.111345
0.097525
0.101199
0.100128
0.101256
0.090295
0.105235
0.101829
0.103405
0.096298
0.106969
0.093481
0.093081
0.094716
0.093315
0.107491
0.108738
0.099253
0.111112
0.093446
0.115653
0.099823
0.109264
0.108549
0.099861
0.084093
0.101659
0.099232
0.094327
0.097132
0.094263
0.108184
0.09321
0.095999
0.097713
0.104096
0.104002
0.106968
0.112506
0.092276
0.108729
0.085325
0.087874
0.096959
0.1009
0.098493
0.088779
0.096271
0.100394
0.088228
0.109128
0.113237
0.091368
0.110216
0.099551
0.104215
0.1053
0.102234
0.113489
0.104398
0.108293
0.091988
0.097501
0.104709
0.125858
0.104405
0.110416
0.113944
0.096429
0.106213
0.098246
0.104681
0.123912
0.09674
0.095878
0.093847
0.088679
0.085992
0.097316
0.100584
0.080868
0.102171
0.090931
0.099666
0.102288
0.106345
0.102371
0.104706
0.121499
0.079528
0.098301
0.095675
0.108028
0.092668
0.108053
0.10834
0.107159
0.099034
0.106956
0.097473
0.107509
0.096567
0.098239
0.087903
0.09464
0.1038
0.107003
0.099974
0.096265
0.109784
0.11658
0.096441
0.096379
0.091649
0.110629
0.091692
0.081824
0.094155
0.091613
0.108265
0.094032
0.101811
0.108153
0.100652
0.103816
0.095811
0.109256
0.107906
0.093127
0.092485
0.093548
0.105877
0.085093
0.100276
0.100135
0.085284
0.102412
0.116053
0.103267
0.12024
0.100987
0.114115
0.105676
0.114399
0.098794
0.100402
0.104368
0.09816
0.105194
0.096426
0.086972
0.10097
0.096215
0.09031
0.103178
0.1048
0.093766
0.092047
0.094943
0.085671
0.103479
0.092657
0.108656
0.10492
0.098052
0.122925
0.101781
0.099607
0.093813
0.09121
0.090602
0.109132
0.088454
0.095921
0.086339
0.113025
0.104426
0.098383
0.10108
0.107854
0.084117
0.099854
0.095116
0.105218
0.105247
0.078543
0.098783
0.099394
0.112225
0.105337
0.089864
0.092759
0.10617
0.092034
0.106169
0.093712
0.075917
0.116136
0.087432
0.104633
0.100663
0.095168
0.071563
0.101163
0.085726
0.09196
0.106987
0.097936
0.101422
0.109149
0.087145
0.115081
0.11429
0.09301
0.108334
0.104666
0.09755
0.107614
0.101881
0.109379
0.087153
0.095667
0.10148
0.09861
0.099115
0.100148
0.107075
0.105257
0.097694
0.092157
0.093973
0.10175
0.100487
0.103298
0.094654
0.112051
0.100108
0.104586
0.094854
0.09134
0.124975
0.088185
0.094205
0.102817
0.092487
0.097739
0.095929
0.110977
0.099441
0.109977
0.112655
0.097377
0.123009
0.109758
0.091068
0.085837
0.095856
0.102812
0.099097
0.101562
0.114593
0.098698
0.105244
0.100436
0.098822
0.099626
0.098514
0.101354
0.092647
0.099402
0.091661
0.091773
0.099493
0.101958
0.101121
0.09915
0.091942
0.088583
0.09428
0.084886
0.101766
0.093202
0.095395
0.094476
0.091368
0.099875
0.106838
0.116082
0.096404
0.094722
0.088715
0.112458
0.100895
0.098779
0.091093
0.105573
0.098614
0.094598
0.110216
0.093028
0.081314
0.096725
0.100747
0.08826
0.093213
0.085293
0.099622
0.103194
0.106253
0.089514
0.091577
0.100447
0.100239
0.09527
0.093946
0.104552
0.106028
0.09516
0.101341
0.097968
0.099431
0.104775
0.103675
0.086194
0.074736
0.091678
0.112225
0.111972
0.093399
0.096742
0.097284
0.116817
0.111052
0.097079
0.111843
0.09218
0.101622
0.104536
0.0966
0.089567
0.108307
0.095379
0.101385
0.10127
0.081578
0.100042
0.10605
0.099791
0.089925
0.101295
0.094631
0.078919
0.099236
0.099309
0.109266
0.09922
0.089083
0.103931
0.085045
0.085168
0.09227
0.100317
0.095729
0.11149
0.104438
0.095062
0.098637
0.094322
0.103957
0.104478
0.107743
0.115825
0.10166
0.104769
0.092741
0.105398
0.090913
0.096015
0.106734
0.098433
0.108238
0.102254
0.094184
0.097116
0.102397
0.108007
0.108278
0.106075
0.112272
0.096216
0.096044
0.100185
0.104169
0.110237
0.109425
0.111933
0.110899
0.103628
0.109021
0.109679
0.108923
0.112345
0.105594
0.084828
0.099561
0.09595
0.094246
0.117511
0.118872
0.111228
0.111514
0.09752
0.093423
0.095185
0.106843
0.094341
0.109928
0.105891
0.104042
0.110157
0.102567
0.106446
0.095326
0.100939
0.09672
0.102735
0.084787
0.081654
0.098271
0.106998
0.100058
0.094532
0.105842
0.10173
0.080642
0.093677
0.102564
0.104538
0.111879
0.089202
0.102673
0.107741
0.100512
0.111467
0.087883
0.103723
0.108985
0.113293
0.097156
0.103164
0.086964
0.108427
0.099066
0.10282
0.09295
0.090559
0.112214
0.106234
0.101842
0.103021
0.101679
0.101854
0.093183
0.097741
0.090023
0.088513
0.106622
0.103355
0.085908
0.110284
0.086094
0.091674
0.107124
0.085124
0.096278
0.093964
0.094722
0.090533
0.096613
0.098301
0.093473
0.114561
0.101543
0.097748
0.092329
0.104405
0.095621
0.100284
0.107395
0.101285
0.104707
0.092669
0.092871
0.11466
0.107883
0.096006
0.108284
0.093155
0.105179
0.103434
0.111762
0.093214
0.100628
0.097758
0.098654
0.104058
0.114836
0.101369
0.100018
0.099359
0.109754
0.090386
0.09633
0.104728
0.092847
0.110926
0.087232
0.095406
0.092441
0.103822
0.100548
0.090677
0.105971
0.096009
0.108711
0.107877
0.114791
0.1092
0.101515
0.086274
0.100377
0.090811
0.093379
0.097306
0.096928
0.106473
0.100557
0.095767
0.1002
0.093497
0.09614
0.099131
0.09373
0.114766
0.105498
0.117392
0.102773
0.098976
0.106717
0.094243
0.104468
0.099687
0.098383
0.08971
0.096163
0.093821
0.092746
0.114229
0.1048
0.110114
0.119654
0.095792
0.111263
0.105494
0.10969
0.108388
0.100958
0.093823
0.101633
0.099596
0.093495
0.100415
0.109914
0.106174
0.09712
0.112594
0.088949
0.102108
0.089121
0.104431
0.0919
0.099801
0.097385
0.096139
0.099873
0.09519
0.09981
0.099874
0.094428
0.104797
0.104636
0.098546
0.095381
0.112058
0.093867
0.107276
0.106371
0.099088
0.097469
0.102294
0.11037
0.105273
0.09706
0.096441
0.101797
0.108223
0.105005
0.080834
0.107496
0.099989
0.106876
0.10323
0.091802
0.099096
0.11693
0.091424
0.089459
0.103694
0.090795
0.105656
0.110121
0.094956
0.102949
0.101853
0.094043
0.098544
0.095261
0.093601
0.092794
0.106643
0.101907
0.107733
0.090811
0.099917
0.098861
0.095155
0.081568
0.110506
0.102581
0.114782
0.089343
0.108198
0.099177
0.102526
0.089174
0.086843
0.107119
0.089436
0.103489
0.099287
0.099341
0.096148
0.089674
0.103605
0.095144
0.096289
0.102777
0.083781
0.096839
0.104285
0.097268
0.1007
0.121558
0.101126
0.087236
0.096646
0.100358
0.095148
0.105103
0.110155
0.099236
0.107692
0.113458
0.113402
0.093121
0.103587
0.090794
0.106624
0.098595
0.112966
0.093748
0.104311
0.091225
0.088067
0.100856
0.096474
0.10152
0.112174
0.1033
0.089625
0.089763
0.113731
0.108603
0.114029
0.094494
0.115089
0.095697
0.097671
0.099471
0.098939
0.079747
0.090837
0.078239
0.117905
0.11539
0.105832
0.096356
0.10568
0.096451
0.11816
0.105983
0.09736
0.117527
0.106375
0.106612
0.122958
0.105597
0.107371
0.093441
0.108318
0.102683
0.102643
0.105418
0.110354
0.090453
0.088356
0.09816
0.104446
0.106563
0.099655
0.11192
0.104461
0.090529
0.103824
0.10917
0.105954
0.107503
0.110898
0.111787
0.114648
0.109408
0.09631
0.104855
0.11002
0.101674
0.093075
0.119012
0.102856
0.102133
0.105905
0.11134
0.100346
0.115727
0.093503
0.122323
0.126557
0.113089
0.110562
0.110286
0.112531
0.092511
0.096554
0.105878
0.088831
0.094273
0.118459
0.105236
0.107531
0.10085
0.114877
0.119458
0.106925
0.109601
0.106103
0.112693
0.099817
0.109947
0.112362
0.101659
0.09995
0.103203
0.126951
0.123396
0.11994
0.104771
0.112005
0.104145
0.129608
0.118003
0.10251
0.11112
0.10422
0.109112
0.113349
0.098717
0.097132
0.104188
0.102634
0.108876
0.104961
0.095861
0.093769
0.096247
0.108842
0.106986
0.115479
0.116452
0.111985
0.123993
0.102832
0.101991
0.099121
0.102658
0.096222
0.095938
0.09166
0.105832
0.088536
0.097944
0.109772
0.109948
0.108582
0.082159
0.104106
0.115214
0.100889
0.095974
0.108706
0.10062
0.103852
0.10867
0.097159
0.107072
0.098722
0.102719
0.10289
0.090787
0.109313
0.1096
0.097497
0.102189
0.101759
0.1052
0.105613
0.119369
0.105169
0.107145
0.111021
0.102866
0.107933
0.105537
0.101935
0.108615
0.110763
0.093344
0.111835
0.10522
0.106722
0.124371
0.102285
0.101651
0.110129
0.106859
0.105991
0.102754
0.116743
0.096341
0.118951
0.113373
0.103246
0.09188
0.111938
0.101019
0.093873
0.099161
0.095828
0.118268
0.088464
0.096926
0.111201
0.110499
0.10742
0.105974
0.104962
0.114979
0.098641
0.110781
0.104258
0.102967
0.106271
0.10491
0.11543
0.103917
0.104551
0.094845
0.115072
0.126785
0.107428
0.112457
0.111551
0.100403
0.125151
0.096107
0.102192
0.100749
0.127901
0.118118
0.096468
0.109668
0.112874
0.115882
0.133973
0.109037
0.112335
0.115132
0.107921
0.107102
0.102576
0.088673
0.117215
0.112734
0.116602
0.109369
0.115259
0.122117
0.092988
0.106683
0.090728
0.113893
0.100417
0.130507
0.114411
0.10398
0.1197
0.103996
0.089049
0.084597
0.112419
0.087769
0.107241
0.08368
0.120283
0.114296
0.099235
0.109018
0.118218
0.099534
0.117881
0.104585
0.098597
0.117784
0.116793
0.120908
0.100523
0.113381
0.10954
0.096667
0.128613
0.093253
0.103179
0.119252
0.114205
0.112443
0.118329
0.113518
0.132909
0.109183
0.118357
0.092031
0.101996
0.116154
0.124439
0.113006
0.100077
0.112377
0.097349
0.105115
0.113959
0.108757
0.116226
0.114816
0.121809
0.121194
0.091596
0.119192
0.108556
0.103328
0.099931
0.118138
0.110368
0.113662
0.109237
0.106471
0.107815
0.109668
0.105181
0.114705
0.109141
0.096789
0.123156
0.114577
0.110484
0.095658
0.108139
0.105871
0.085828
0.106986
0.120868
0.097153
0.107934
0.126974
0.124917
0.102576
0.09911
0.104853
0.117963
0.110593
0.114342
0.104194
0.117225
0.112577
0.114404
0.105789
0.116423
0.098029
0.113877
0.085489
0.102331
0.117585
0.110893
0.11095
0.119189
0.108888
0.090364
0.098927
0.139853
0.121054
0.100883
0.104437
0.106393
0.108457
0.110898
0.109236
0.096444
0.109997
0.111523
0.13077
0.099602
0.093151
0.102294
0.108085
0.102496
0.109436
0.096163
0.115763
0.093111
0.099707
0.092443
0.116247
0.097177
0.1107
0.115632
0.121121
0.085016
0.113447
0.108597
0.112025
0.117082
0.101318
0.112284
0.108297
0.141537
0.10488
0.11055
0.098644
0.103192
0.100282
0.110023
0.103566
0.097024
0.106964
0.096004
0.103537
0.114138
0.115462
0.093925
0.115856
0.10533
0.105055
0.116179
0.093071
0.115225
0.097353
0.128337
0.117017
0.119547
0.100798
0.112334
0.114697
0.114599
0.110955
0.098391
0.120287
0.111566
0.103575
0.104062
0.111317
0.115505
0.10969
0.10103
0.093846
0.115462
0.099787
0.103503
0.11346
0.104804
0.129929
0.10278
0.103449
0.106225
0.118083
0.105536
0.116434
0.099848
0.117701
0.114341
0.094725
0.110516
0.099542
0.110801
0.092507
0.118498
0.127825
0.101571
0.103646
0.10259
0.101588
0.107052
0.112172
0.109707
0.110088
0.114814
0.127587
0.098213
0.100657
0.092228
0.103096
0.103047
0.111132
0.104293
0.116501
0.120603
0.099336
0.103316
0.121265
0.118512
0.119322
0.127321
0.090512
0.102553
0.110578
0.110803
0.090163
0.090143
0.101128
0.117076
0.091584
0.105183
0.107486
0.092103
0.093401
0.110827
0.111445
0.10915
0.10897
0.107765
0.120084
0.102523
0.141928
0.118249
0.094156
0.101094
0.115435
0.117966
0.10624
0.102713
0.105872
0.118532
0.108282
0.103695
0.108584
0.111718
0.10219
0.108125
0.106933
0.105113
0.098886
0.117568
0.10297
0.105595
0.094715
0.11051
0.106916
0.103033
0.125383
0.114293
0.108888
0.10456
0.120246
0.11458
0.102958
0.107485
0.114487
0.129427
0.101084
0.12033
0.111183
0.108578
0.105806
0.107153
0.105748
0.115267
0.104312
0.100245
0.117344
0.098614
0.098544
0.103593
0.113229
0.104325
0.105176
0.117889
0.121945
0.118542
0.104151
0.100044
0.108642
0.094902
0.099848
0.110053
0.112674
0.110183
0.114084
0.108949
0.104205
0.093518
0.114512
0.116556
0.108023
0.107759
0.102429
0.130536
0.119953
0.119726
0.114167
0.115145
0.110391
0.097967
0.107137
0.088411
0.102242
0.119975
0.109749
0.093702
0.089423
0.120415
0.107078
0.093936
0.103487
0.104803
0.097058
0.109335
0.120387
0.1009
0.115503
0.101867
0.116665
0.098333
0.118848
0.13184
0.102334
0.104608
0.112683
0.104822
0.113326
0.103528
0.127612
0.118854
0.104907
0.11913
0.103224
0.105873
0.086191
0.105005
0.112621
0.10985
0.116897
0.1035
0.109272
0.11106
0.099577
0.099808
0.088669
0.10544
0.107145
0.102666
0.090575
0.095662
0.111587
0.087671
0.109887
0.103364
0.095926
0.099594
0.117984
0.101788
0.109689
0.116904
0.119994
0.112961
0.092488
0.111102
0.097005
0.092177
0.108927
0.117507
0.111202
0.11347
0.099919
0.124559
0.106955
0.117005
0.118736
0.107241
0.10651
0.112585
0.093414
0.110771
0.109455
0.116717
0.111253
0.105621
0.120889
0.102713
0.109478
0.113644
0.121655
0.08356
0.095743
0.116394
0.11669
0.110454
0.100149
0.103615
0.087694
0.110275
0.107861
0.111663
0.117226
0.094219
0.095632
0.113978
0.095543
0.102133
0.104107
0.114546
0.114584
0.128851
0.097299
0.107363
0.116664
0.107794
0.107716
0.107341
0.113168
0.101786
0.112718
0.092289
0.100465
0.104329
0.101738
0.101826
0.092831
0.107833
0.116024
0.114428
0.10564
0.107616
0.112342
0.114021
0.114667
0.102847
0.128152
0.09817
0.102882
0.103716
0.102468
0.098153
0.122082
0.122567
0.104669
0.0885
0.09703
0.118871
0.105778
0.11445
0.104744
0.110361
0.1104
0.110944
0.08737
0.118438
0.099814
0.109847
0.109939
0.127488
0.101243
0.103179
0.096526
0.106459
0.102833
0.096345
0.114822
0.108071
0.125886
0.098173
0.107211
0.107554
0.121446
0.106411
0.096744
0.092847
0.115478
0.101257
0.112245
0.106939
0.090727
0.105024
0.119106
0.108587
0.084781
0.100615
0.103403
0.100752
0.107015
0.095559
0.113718
0.10629
0.116117
0.081888
0.095808
0.113776
0.103345
0.101851
0.093994
0.107817
0.099671
0.119382
0.097803
0.118509
0.10519
0.100856
0.113972
0.112771
0.118719
0.112469
0.099756
0.109504
0.104314
0.12813
0.111668
0.111661
0.105902
0.108244
0.119122
0.086134
0.099716
0.114421
0.10643
0.108942
0.103464
0.116243
0.115649
0.109191
0.098973
0.115872
0.100312
0.116624
0.104897
0.086101
0.100575
0.108938
0.104936
0.109894
0.11859
0.100929
0.102547
0.09998
0.103283
0.107864
0.126149
0.091216
0.097287
0.106926
0.108543
0.113722
0.112934
0.116531
0.107199
0.114108
0.107184
0.103592
0.095304
0.110994
0.105014
0.102199
0.109279
0.11021
0.114608
0.103564
0.105348
0.106702
0.098617
0.108475
0.107534
0.101586
0.1004
0.111877
0.115252
0.11083
0.118633
0.101481
0.108884
0.116073
0.113009
0.100688
0.109368
0.123085
0.103917
0.080948
0.107111
0.107492
0.113819
0.114096
0.106751
0.099889
0.095847
0.106142
0.118509
0.112455
0.107868
0.104146
0.110704
0.095424
0.106824
0.108335
0.111643
0.103483
0.095946
0.096788
0.116533
0.126622
0.12191
0.103747
0.104798
0.11908
0.106993
0.105398
0.084656
0.126345
0.091187
0.09102
0.120795
0.10355
0.112603
0.110063
0.11241
0.104257
0.107973
0.117388
0.110155
0.097197
0.119379
0.109499
0.100656
0.106004
0.094224
0.108415
0.09674
0.102062
0.099632
0.121464
0.118118
0.122119
0.110501
0.100217
0.113942
0.097047
0.090018
0.113435
0.111522
0.111831
0.106953
0.115978
0.115182
0.099429
0.110958
0.131409
0.099921
0.100511
0.094936
0.100366
0.118762
0.113446
0.088322
0.097411
0.097091
0.096203
0.100542
0.109162
0.111171
0.110441
0.125739
0.105342
0.103935
0.098121
0.102607
0.123721
0.120003
0.108551
0.101991
0.104528
0.121573
0.102801
0.099276
0.100063
0.096368
0.098252
0.113165
0.098601
0.102582
0.10645
0.096741
0.097224
0.115808
0.095039
0.105383
0.099264
0.10248
0.078542
0.088776
0.111534
0.108237
0.103447
0.111495
0.099128
0.076185
0.116166
0.108943
0.113817
0.114841
0.087543
0.110281
0.108636
0.100104
0.100671
0.110882
0.106298
0.107135
0.116225
0.117854
0.115711
0.106681
0.1053
0.110069
0.101209
0.106852
0.112355
0.108758
0.103204
0.083482
0.117168
0.118909
0.113834
0.113218
0.118711
0.117218
0.103425
0.110089
0.12
0.093785
0.094083
0.112725
0.097942
0.103463
0.105231
0.111866
0.095377
0.102805
0.09664
0.116755
0.099342
0.1152
0.092721
0.103201
0.108977
0.088141
0.103432
0.101284
0.113943
0.100637
0.085565
0.099018
0.105285
0.097975
0.111945
0.123041
0.131156
0.092193
0.107799
0.102635
0.101008
0.102231
0.099444
0.11266
0.102344
0.09673
0.09659
0.093681
0.094015
0.088797
0.086082
0.101782
0.111912
0.102854
0.096267
0.097014
0.091635
0.100036
0.130164
0.093744
0.102395
0.093961
0.095742
0.110112
0.104097
0.106777
0.106654
0.103481
0.099557
0.100885
0.089552
0.108716
0.099779
0.097637
0.119048
0.102783
0.106403
0.109429
0.107834
0.090847
0.10607
0.110129
0.097006
0.104698
0.091912
0.11187
0.111309
0.106289
0.104565
0.096404
0.10711
0.111556
0.112157
0.085087
0.079255
0.114298
0.107854
0.099369
0.097431
0.103938
0.110548
0.104667
0.09323
0.102089
0.113133
0.103188
0.102721
0.089794
0.087238
0.108972
0.107263
0.111172
0.085425
0.109878
0.104224
0.113892
0.10436
0.09337
0.1002
0.096879
0.099929
0.093953
0.11274
0.088472
0.124339
0.110507
0.110976
0.111194
0.09265
0.089355
0.105071
0.098684
0.080811
0.087918
0.116816
0.077035
0.104527
0.105268
0.113587
0.091248
0.107859
0.106377
0.103452
0.109088
0.100814
0.10366
0.100003
0.110396
0.111609
0.108846
0.113865
0.119282
0.100263
0.10657
0.10739
0.105267
0.100428
0.098508
0.097703
0.104928
0.117678
0.101058
0.097189
0.085581
0.095259
0.098607
0.101571
0.107125
0.107879
0.114085
0.104286
0.104489
0.11029
0.112206
0.091754
0.100675
0.104867
0.09312
0.102201
0.108761
0.112508
0.098865
0.096335
0.101379
0.124009
0.102946
0.121471
0.104822
0.106457
0.112944
0.088601
0.101468
0.116394
0.080231
0.104341
0.10242
0.094131
0.113328
0.101842
0.102433
0.116733
0.096838
0.10029
0.095807
0.096359
0.098933
0.097088
0.109574
0.09526
0.096559
0.088692
0.080485
0.107511
0.093766
0.117678
0.099735
0.092276
0.098988
0.090924
0.114954
0.105018
0.10733
0.099237
0.097101
0.106187
0.096042
0.105692
0.098022
0.093997
0.120234
0.097095
0.106614
0.106171
0.099212
0.096605
0.119601
0.114725
0.093543
0.11055
0.108006
0.105111
0.09277
0.086793
0.100136
0.114971
0.112716
0.113541
0.094568
0.094383
0.103839
0.095223
0.094141
0.112493
0.09452
0.105659
0.10692
0.115773
0.08697
0.104205
0.093345
0.10421
0.131849
0.112012
0.10574
0.100164
0.106219
0.099706
0.086807
0.095826
0.101983
0.084637
0.097465
0.101823
0.087195
0.097302
0.103072
0.112077
0.086925
0.109558
0.0917
0.100063
0.10494
0.097491
0.091347
0.113042
0.101897
0.112809
0.097593
0.084543
0.090244
0.091869
0.097197
0.096262
0.087428
0.11391
0.102242
0.100802
0.087714
0.090523
0.097369
0.10644
0.098768
0.114634
0.10945
0.103573
0.095667
0.081955
0.093952
0.094913
0.101529
0.105622
0.110845
0.103167
0.087929
0.097216
0.112728
0.088423
0.104067
0.112125
0.097844
0.094783
0.109808
0.109822
0.114998
0.119419
0.105433
0.119627
0.105129
0.098569
0.095376
0.099816
0.091945
0.089899
0.116845
0.121085
0.099457
0.113301
0.105633
0.105285
0.106232
0.103981
0.102068
0.10975
0.095644
0.101149
0.099292
0.105207
0.11452
0.104565
0.10365
0.083953
0.103632
0.099784
0.086256
0.087375
0.106353
0.108449
0.088213
0.115364
0.103131
0.09814
0.11051
0.091496
0.103164
0.094603
0.099748
0.089054
0.082946
0.102446
0.07912
0.090443
0.0911
0.094392
0.109336
0.113373
0.080556
0.115291
0.0832
0.09264
0.105949
0.107854
0.101042
0.111462
0.069648
0.097781
0.09334
0.092969
0.105515
0.102832
0.095205
0.101011
0.111143
0.100437
0.077132
0.086369
0.10444
0.092774
0.090965
0.081479
0.107264
0.107816
0.107328
0.09982
0.091855
0.104032
0.091452
0.099219
0.112038
0.088195
0.100401
0.088172
0.109805
0.096852
0.101066
0.109619
0.109283
0.104125
0.095341
0.103688
0.096208
0.108418
0.101211
0.099174
0.101041
0.101349
0.098724
0.094664
0.0982
0.105418
0.09844
0.105644
0.098957
0.10622
0.101685
0.094092
0.100117
0.091309
0.095392
0.091273
0.10072
0.090788
0.113331
0.102752
0.084983
0.091015
0.116444
0.086945
0.107682
0.097305
0.086479
0.110205
0.104811
0.097369
0.116369
0.114638
0.107815
0.099236
0.100796
0.102971
0.086028
0.113576
0.11129
0.09523
0.110923
0.092176
0.087986
0.09803
0.09523
0.09256
0.107036
0.090969
0.109394
0.115153
0.094753
0.107643
0.099566
0.097512
0.088121
0.104766
0.097148
0.104742
0.118593
0.110891
0.092239
0.112075
0.094902
0.09535
0.101618
0.106637
0.095609
0.099682
0.128043
0.103789
0.095723
0.112604
0.110937
0.095657
0.090062
0.108636
0.093477
0.098149
0.096267
0.110712
0.08937
0.094696
0.097751
0.103863
0.098536
0.101572
0.099489
0.110408
0.112065
0.091014
0.09505
0.11189
0.100996
0.100173
0.106054
0.114352
0.130356
0.087915
0.097318
0.103415
0.111359
0.104133
0.096793
0.108745
0.101058
0.113186
0.102222
0.101465
0.107884
0.10701
0.115329
0.118458
0.103105
0.098818
0.104767
0.108666
0.108557
0.104611
0.095448
0.095945
0.092719
0.08699
0.113189
0.092899
0.104406
0.090332
0.107182
0.107523
0.112625
0.078716
0.097218
0.099384
0.093845
0.115324
0.1057
0.106362
0.095802
0.101535
0.120385
0.083038
0.107038
0.10102
0.107093
0.116842
0.105106
0.111484
0.110818
0.096178
0.103876
0.108348
0.100657
0.090436
0.102661
0.112228
0.095886
0.101487
0.112389
0.110421
0.108854
0.09708
0.114573
0.107558
0.104927
0.10738
0.098896
0.100897
0.111523
0.116811
0.109555
0.077999
0.102933
0.122336
0.118788
0.093903
0.102062
0.095558
0.109875
0.113506
0.103528
0.141185
0.100136
0.106357
0.100564
0.09402
0.118453
0.10653
0.102975
0.117663
0.090574
0.107143
0.099568
0.104778
0.085598
0.101421
0.105732
0.106777
0.102584
0.110777
0.105811
0.10516
0.110311
0.101851
0.104338
0.102943
0.102638
0.093185
0.092626
0.096229
0.112868
0.101477
0.091615
0.102013
0.111439
0.10319
0.098082
0.106813
0.098983
0.096465
0.099902
0.105488
0.111582
0.102332
0.112702
0.094858
0.110489
0.107864
0.104833
0.100304
0.111727
0.096109
0.107881
0.097261
0.090822
0.100828
0.095084
0.104288
0.096098
0.097672
0.099179
0.104146
0.10229
0.094536
0.102805
0.094906
0.085301
0.101032
0.103815
0.102039
0.09956
0.103068
0.118717
0.097615
0.100966
0.10098
0.079489
0.102693
0.094235
0.107412
0.093733
0.104646
0.115548
0.117632
0.097605
0.105751
0.095077
0.100337
0.117153
0.116204
0.095606
0.100163
0.115515
0.103171
0.104489
0.093072
0.105263
0.109742
0.107796
0.095148
0.111406
0.100251
0.11467
0.089285
0.105364
0.093334
0.098022
0.107262
0.112535
0.103845
0.085845
0.094203
0.101204
0.104742
0.109358
0.085481
0.103107
0.101442
0.109911
0.101148
0.099452
0.113758
0.120382
0.100217
0.110645
0.110231
0.113929
0.108345
0.097753
0.089866
0.107286
0.107543
0.107556
0.093298
0.101331
0.103145
0.103083
0.113981
0.09289
0.107632
0.096588
0.088452
0.107472
0.082093
0.115362
0.111969
0.091974
0.092546
0.076234
0.106028
0.102463
0.100652
0.081381
0.093965
0.109537
0.102922
0.089724
0.097744
0.104361
0.108389
0.112122
0.111161
0.10001
0.088543
0.098324
0.111833
0.093748
0.096021
0.112785
0.099333
0.094776
0.101538
0.098116
0.095679
0.088849
0.10768
0.089664
0.102608
0.105877
0.100434
0.093686
0.084472
0.106639
0.108105
0.095804
0.108183
0.098365
0.112104
0.101686
0.115995
0.104635
0.091521
0.103493
0.112145
0.088052
0.111213
0.110685
0.104182
0.110859
0.098648
0.099695
0.105029
0.107701
0.099683
0.097938
0.09674
0.10105
0.099967
0.10693
0.095107
0.104093
0.085517
0.106232
0.103978
0.100688
0.090775
0.09013
0.100325
0.088256
0.10498
0.080465
0.100104
0.120511
0.105129
0.104478
0.092808
0.090662
0.113767
0.113429
0.094454
0.101772
0.106288
0.10842
0.0918
0.095066
0.102175
0.10955
0.105184
0.083884
0.111703
0.104608
0.106522
0.117027
0.112806
0.097547
0.101375
0.088887
0.113517
0.096823
0.110106
0.100957
0.097715
0.097708
0.093445
0.099396
0.10108
0.111994
0.109743
0.10199
0.112552
0.118936
0.101713
0.115887
0.107855
0.08672
0.107859
0.094013
0.101008
0.111311
0.102036
0.103781
0.119683
0.095543
0.098843
0.096299
0.110022
0.122148
0.1005
0.096619
0.101556
0.104882
0.103282
0.094277
0.104806
0.105003
0.114871
0.104407
0.092455
0.099684
0.116946
0.117697
0.105054
0.105831
0.113068
0.106489
0.106
0.110075
0.098168
0.093844
0.114227
0.09738
0.118564
0.105715
0.105337
0.100734
0.095088
0.096342
0.105668
0.111771
0.094869
0.090693
0.106383
0.098134
0.103196
0.104524
0.103677
0.100589
0.099261
0.106124
0.112282
0.104648
0.106931
0.100177
0.101399
0.094739
0.108086
0.092763
0.104717
0.097467
0.110136
0.092363
0.112153
0.112751
0.095297
0.097464
0.121157
0.088856
0.083527
0.103819
0.107138
0.118452
0.101016
0.10202
0.094136
0.111075
0.081977
0.090441
0.109663
0.098012
0.108675
0.101229
0.100095
0.107945
0.100036
0.100787
0.092736
0.117923
0.110404
0.112541
0.111409
0.094054
0.098274
0.107424
0.127082
0.096106
0.094741
0.101841
0.113832
0.096609
0.10204
0.095506
0.105025
0.103973
0.112888
0.110444
0.091074
0.112638
0.097509
0.112242
0.115441
0.100457
0.101515
0.107323
0.095277
0.107146
0.111979
0.106232
0.098432
0.107242
0.109909
0.10781
0.106993
0.103067
0.101131
0.098168
0.103679
0.123713
0.098155
0.091993
0.109787
0.093763
0.111163
0.095773
0.110081
0.098289
0.084817
0.103739
0.089675
0.101944
0.08617
0.105849
0.10438
0.094383
0.112686
0.106214
0.097812
0.106943
0.100064
0.110835
0.0993
0.104628
0.106862
0.119488
0.107842
0.116319
0.093431
0.095311
0.096248
0.109406
0.096312
0.107748
0.108053
0.084354
0.104638
0.104026
0.090749
0.100012
0.109318
0.09186
0.102351
0.108325
0.110641
0.114531
0.115501
0.11474
0.115499
0.100839
0.10957
0.112008
0.096228
0.108838
0.089423
0.103737
0.107426
0.090827
0.090615
0.119806
0.106421
0.098603
0.106232
0.093416
0.097953
0.088612
0.100113
0.100136
0.10268
0.091126
0.100275
0.111121
0.107552
0.102175
0.117817
0.091357
0.115659
0.112948
0.098041
0.104668
0.114896
0.098861
0.107981
0.098451
0.099677
0.106803
0.1099
0.099534
0.105061
0.094241
0.103887
0.101979
0.104205
0.103139
0.1059
0.097533
0.106944
0.108542
0.092712
0.098588
0.099466
0.117318
0.090286
0.128365
0.105236
0.114776
0.103827
0.102559
0.098729
0.104269
0.111602
0.10561
0.094735
0.11095
0.094588
0.093145
0.111455
0.097372
0.102482
0.098561
0.107666
0.096016
0.107475
0.094313
0.066912
0.105884
0.100959
0.10494
0.107181
0.090963
0.109291
0.110112
0.101345
0.10199
0.101579
0.099575
0.105867
0.10145
0.091942
0.081
0.110999
0.08885
0.086051
0.100445
0.10338
0.098441
0.099874
0.09119
0.09278
0.103876
0.105739
0.107316
0.099095
0.094431
0.107366
0.101234
0.09082
0.093892
0.08772
0.114588
0.100882
0.096351
0.107229
0.097305
0.101704
0.103323
0.102017
0.10795
0.076285
0.065548
0.074506
0.072405
0.080063
0.076444
0.075135
0.069504
0.076412
0.062942
0.080702
0.0767
0.071541
0.074294
0.069517
0.079118
0.066471
0.071991
0.078618
0.083372
0.077395
0.067056
0.071851
0.077509
0.073335
0.059818
0.070145
0.066238
0.066484
0.074943
0.067266
0.076959
0.073204
0.073776
0.062482
0.080783
0.058764
0.068938
0.06825
0.074941
0.073901
0.081396
0.07096
0.066
0.0657
0.081613
0.068286
0.081924
0.064641
0.075422
0.072085
0.078658
0.073976
0.070673
0.074954
0.068693
0.068058
0.070541
0.084066
0.061257
0.06998
0.073604
0.072324
0.065057
0.073271
0.06951
0.071883
0.071152
0.06685
0.074116
0.077623
0.070684
0.073084
0.067117
0.066201
0.06806
0.069199
0.079368
0.072798
0.072805
0.067468
0.069619
0.067027
0.068893
0.074899
0.077392
0.08192
0.073774
0.057625
0.069616
0.067505
0.070437
0.072929
0.070634
0.074231
0.0638
0.070357
0.084643
0.060018
0.065522
0.082576
0.076289
0.073807
0.065771
0.069415
0.077269
0.069622
0.064666
0.067546
0.075231
0.071417
0.076097
0.080936
0.06981
0.076111
0.070749
0.067231
0.075513
0.073276
0.080122
0.068725
0.069314
0.071867
0.067041
0.074343
0.0639
0.071953
0.07784
0.065297
0.078045
0.06613
0.0715
0.076417
0.073281
0.070974
0.06562
0.065189
0.063674
0.072755
0.072493
0.067718
0.076598
0.067724
0.061969
0.072524
0.071965
0.075333
0.071363
0.077484
0.064762
0.068127
0.065919
0.067789
0.066871
0.075377
0.064517
0.076652
0.0685
0.071124
0.055801
0.078387
0.077686
0.077148
0.063135
0.070503
0.06715
0.075018
0.075087
0.080322
0.071679
0.073267
0.057451
0.072966
0.066791
0.058969
0.066039
0.067004
0.069214
0.076293
0.073138
0.06593
0.076624
0.083936
0.077883
0.075922
0.07404
0.071994
0.063012
0.057753
0.075583
0.0696
0.065721
0.068665
0.066996
0.06861
0.069231
0.057822
0.080541
0.073749
0.071101
0.074797
0.069484
0.070057
0.072052
0.075482
0.079925
0.074739
0.072801
0.072583
0.082909
0.070802
0.071401
0.072433
0.079581
0.078032
0.058061
0.066611
0.07801
0.067626
0.075349
0.072486
0.070311
0.067024
0.078603
0.070048
0.072724
0.070239
0.076589
0.072304
0.073183
0.071319
0.068415
0.060364
0.073175
0.084361
0.06664
0.074064
0.069594
0.071036
0.073285
0.073063
0.070874
0.074123
0.063103
0.078787
0.067456
0.061622
0.065467
0.073449
0.072475
0.074657
0.073747
0.066287
0.078494
0.066852
0.060498
0.077078
0.068747
0.07278
0.0693
0.064176
0.07716
0.065702
0.071412
0.069546
0.076788
0.075977
0.076966
0.07156
0.072697
0.072149
0.070866
0.070139
0.071591
0.065446
0.061959
0.061984
0.066372
0.068988
0.065242
0.077604
0.074028
0.068203
0.071194
0.070134
0.067064
0.077533
0.062373
0.072249
0.071502
0.070942
0.070809
0.07259
0.068658
0.06008
0.0749
0.0822
0.080173
0.058693
0.071746
0.069287
0.07598
0.073313
0.069783
0.06274
0.06808
0.071373
0.069105
0.072322
0.071253
0.067533
0.06679
0.07045
0.070592
0.067222
0.072642
0.057751
0.074525
0.075973
0.078287
0.064596
0.068647
0.07577
0.069559
0.080084
0.069899
0.073722
0.079701
0.068045
0.080104
0.068809
0.069761
0.066858
0.070681
0.065802
0.076573
0.085134
0.067473
0.062669
0.072883
0.081436
0.066477
0.073386
0.058394
0.070419
0.073717
0.068305
0.075172
0.086543
0.074309
0.078004
0.065039
0.070466
0.070605
0.072924
0.06476
0.071158
0.073421
0.066851
0.0768
0.078513
0.063472
0.069035
0.067404
0.072774
0.066866
0.072446
0.071139
0.068646
0.062803
0.07503
0.065658
0.072668
0.065488
0.079008
0.079923
0.074746
0.060161
0.074165
0.076682
0.068883
0.064324
0.073495
0.061617
0.065739
0.072533
0.063999
0.067856
0.065869
0.075461
0.071589
0.078928
0.063256
0.07114
0.064725
0.064407
0.072432
0.070339
0.072704
0.067381
0.08098
0.072394
0.053309
0.069694
0.075902
0.075201
0.08394
0.073479
0.064762
0.07071
0.072792
0.074639
0.062003
0.061962
0.066536
0.068805
0.062026
0.059989
0.065442
0.070595
0.071398
0.077456
0.070471
0.065857
0.075051
0.076989
0.070098
0.079529
0.071945
0.063231
0.078569
0.072191
0.07173
0.065297
0.067634
0.058254
0.067597
0.063989
0.06366
0.063703
0.072841
0.06564
0.072488
0.069529
0.058984
0.069818
0.064408
0.07648
0.07057
0.079267
0.07007
0.075433
0.076659
0.082819
0.070072
0.067703
0.065424
0.073336
0.075419
0.067804
0.072568
0.067037
0.058921
0.069928
0.077986
0.077769
0.070789
0.078456
0.067221
0.061394
0.072949
0.067575
0.069738
0.066057
0.071514
0.070865
0.058385
0.07144
0.069111
0.067501
0.066726
0.056045
0.069873
0.064776
0.069089
0.071251
0.085634
0.078529
0.072446
0.06678
0.072286
0.082328
0.075727
0.07032
0.075969
0.07141
0.072301
0.065134
0.068122
0.074446
0.073707
0.074937
0.069532
0.065676
0.070636
0.067804
0.071846
0.068755
0.077393
0.065661
0.058547
0.080378
0.068043
0.071912
0.052854
0.078777
0.082641
0.071106
0.073701
0.075766
0.066863
0.066473
0.065819
0.067116
0.0677
0.067562
0.071626
0.07113
0.062794
0.077428
0.061728
0.077222
0.074845
0.073627
0.071408
0.0679
0.069878
0.076418
0.069329
0.075738
0.067801
0.074978
0.072378
0.069737
0.069829
0.078529
0.072536
0.063755
0.065253
0.074792
0.068217
0.066433
0.076471
0.061912
0.084708
0.068349
0.065611
0.065938
0.076076
0.06871
0.069657
0.062472
0.067944
0.065963
0.074377
0.080427
0.077889
0.078575
0.059867
0.063784
0.067014
0.052685
0.060244
0.07528
0.075457
0.072715
0.065375
0.082808
0.073186
0.07045
0.067695
0.068343
0.075039
0.082284
0.074777
0.072501
0.072086
0.0796
0.067303
0.070191
0.075752
0.06362
0.0616
0.067113
0.080236
0.073974
0.066583
0.078955
0.073795
0.079809
0.078546
0.062425
0.065688
0.083626
0.067805
0.070264
0.073564
0.069361
0.073657
0.077878
0.069566
0.072557
0.059728
0.069548
0.073721
0.074052
0.071687
0.069678
0.066915
0.066861
0.056377
0.069707
0.075736
0.060749
0.076675
0.072594
0.066165
0.074878
0.075457
0.069376
0.068055
0.075992
0.069448
0.082416
0.066971
0.066451
0.067249
0.076204
0.082767
0.067598
0.081794
0.066326
0.064521
0.069718
0.071806
0.07088
0.071875
0.076165
0.070543
0.076537
0.069034
0.067946
0.064437
0.081225
0.0718
0.060735
0.072572
0.075725
0.072956
0.067318
0.077895
0.065436
0.067306
0.068202
0.066253
0.061503
0.058954
0.059332
0.068875
0.061392
0.067396
0.058942
0.065573
0.072281
0.064025
0.058983
0.057362
0.062592
0.064292
0.067005
0.078665
0.068437
0.073574
0.072832
0.071322
0.077433
0.073216
0.067691
0.066338
0.07262
0.072361
0.074088
0.070364
0.066627
0.064797
0.07445
0.071818
0.071959
0.065623
0.071808
0.076228
0.066552
0.0677
0.067767
0.063857
0.06576
0.068113
0.075267
0.06618
0.070203
0.068836
0.072158
0.063779
0.071793
0.064822
0.073744
0.078051
0.067032
0.066295
0.065222
0.067402
0.074627
0.059796
0.071544
0.074767
0.059661
0.064831
0.066795
0.076319
0.084108
0.069173
0.07105
0.06144
0.07396
0.069449
0.073048
0.072795
0.07009
0.057545
0.076523
0.075396
0.071729
0.065389
0.079236
0.06508
0.078259
0.078779
0.067944
0.068185
0.061525
0.067842
0.07661
0.06606
0.070225
0.069551
0.079568
0.066999
0.07498
0.066618
0.073387
0.073723
0.064648
0.070811
0.067412
0.077394
0.069205
0.066336
0.069271
0.072901
0.073273
0.076495
0.063758
0.064833
0.078633
0.05862
0.069416
0.079525
0.064831
0.059756
0.076614
0.06951
0.073924
0.071572
0.054768
0.072094
0.077249
0.071685
0.0678
0.063094
0.059193
0.064244
0.080025
0.069948
0.063384
0.064411
0.063533
0.071287
0.072485
0.079335
0.059619
0.06588
0.075694
0.07284
0.079451
0.058805
0.069579
0.073227
0.070481
0.070798
0.061204
0.069147
0.068499
0.069817
0.104996
0.07194
0.073163
0.065296
0.069997
0.071225
0.071362
0.065644
0.074291
0.072499
0.065165
0.071582
0.07587
0.074901
0.068326
0.068217
0.068585
0.073942
0.069658
0.074141
0.073522
0.070699
0.069645
0.068128
0.080536
0.065874
0.070992
0.063773
0.077396
0.073056
0.06856
0.070648
0.078969
0.081162
0.074729
0.064847
0.066258
0.067911
0.071497
0.067713
0.086522
0.078003
0.066357
0.069188
0.077437
0.070537
0.072008
0.05793
0.080114
0.070882
0.073879
0.077597
0.083521
0.100304
0.118841
0.105176
0.108712
0.099739
0.104942
0.111124
0.093444
0.121955
0.09672
0.127057
0.117837
0.106338
0.09532
0.105395
0.093587
0.098224
0.105389
0.098893
0.099186
0.108489
0.085384
0.104189
0.114199
0.109065
0.099681
0.110096
0.112364
0.114511
0.089122
0.107723
0.105659
0.102039
0.115286
0.1017
0.116356
0.140189
0.096429
0.113592
0.102119
0.089472
0.090651
0.103534
0.096909
0.1159
0.102467
0.110406
0.095807
0.097114
0.101118
0.097446
0.100933
0.108614
0.105093
0.115784
0.09681
0.116714
0.110241
0.099363
0.108766
0.105888
0.093511
0.10196
0.110872
0.120338
0.101966
0.10936
0.100682
0.09704
0.098221
0.108145
0.108088
0.110823
0.140469
0.11055
0.102845
0.101554
0.096298
0.110819
0.089913
0.101848
0.100568
0.104221
0.116638
0.108221
0.085434
0.098236
0.104877
0.106402
0.09803
0.105191
0.107581
0.092033
0.108214
0.100119
0.08814
0.11423
0.089057
0.091216
0.096963
0.107438
0.082718
0.11122
0.111184
0.113783
0.10358
0.097351
0.089271
0.096156
0.093184
0.107637
0.120989
0.094542
0.111589
0.114463
0.107343
0.077403
0.107788
0.083179
0.101206
0.102739
0.103966
0.112513
0.089576
0.094095
0.098747
0.097021
0.112748
0.088529
0.095059
0.106793
0.095192
0.09726
0.10407
0.101859
0.075545
0.107149
0.093345
0.083423
0.093072
0.102456
0.101139
0.090586
0.102098
0.09882
0.081559
0.100785
0.103298
0.087658
0.096723
0.130339
0.095986
0.105416
0.102695
0.091069
0.110116
0.09186
0.112769
0.103057
0.103551
0.09337
0.088115
0.092582
0.099434
0.113338
0.093497
0.104819
0.089787
0.104722
0.111743
0.108344
0.124283
0.114263
0.099597
0.09934
0.11609
0.109416
0.088497
0.12515
0.097604
0.087459
0.096044
0.091551
0.098366
0.089484
0.110399
0.096116
0.147746
0.101959
0.10959
0.131267
0.117145
0.151251
0.119411
0.112689
0.099084
0.092805
0.107825
0.120988
0.111726
0.117583
0.118284
0.097359
0.109901
0.115637
0.110454
0.11022
0.094412
0.122883
0.085797
0.105181
0.09689
0.091544
0.10831
0.112556
0.11542
0.112098
0.107005
0.113185
0.100651
0.117062
0.131723
0.131812
0.129444
0.131497
0.10798
0.102702
0.115249
0.120196
0.10823
0.122149
0.122696
0.119092
0.122896
0.117816
0.107262
0.11065
0.136422
0.101653
0.124082
0.097833
0.114304
0.121757
0.10916
0.12899
0.113199
0.132103
0.110841
0.103613
0.111594
0.140183
0.11752
0.111345
0.132413
0.141029
0.119848
0.117585
0.10919
0.120559
0.105619
0.099193
0.117774
0.118282
0.12816
0.090379
0.106065
0.114937
0.119486
0.102635
0.132161
0.108328
0.112896
0.124038
0.102838
0.121691
0.120126
0.106516
0.121613
0.091654
0.10889
0.121446
0.108552
0.103712
0.095296
0.087243
0.116251
0.126793
0.094496
0.100458
0.126157
0.116545
0.099074
0.123193
0.101039
0.102918
0.114672
0.100739
0.122118
0.110105
0.112196
0.112529
0.099028
0.10661
0.108951
0.125377
0.120984
0.117107
0.120802
0.110287
0.107861
0.109893
0.122373
0.117655
0.138105
0.116252
0.107668
0.107886
0.119866
0.124498
0.10237
0.108216
0.111422
0.127209
0.11022
0.114886
0.091962
0.11769
0.107583
0.120372
0.123283
0.112408
0.106735
0.108949
0.103244
0.120707
0.104058
0.127441
0.115126
0.122366
0.097047
0.109902
0.124006
0.123989
0.112569
0.104119
0.123938
0.115623
0.113172
0.120371
0.112264
0.110248
0.119561
0.121736
0.108323
0.093084
0.1064
0.136497
0.126811
0.091481
0.109789
0.110291
0.116965
0.105024
0.099137
0.113024
0.113442
0.110532
0.111865
0.112653
0.114526
0.12771
0.113216
0.108506
0.129793
0.100125
0.106478
0.109929
0.110822
0.110478
0.116848
0.117933
0.121023
0.111908
0.117641
0.114285
0.111024
0.116538
0.127992
0.111564
0.111267
0.133753
0.121039
0.123082
0.091286
0.104592
0.122162
0.111353
0.120501
0.120158
0.102313
0.107954
0.108338
0.115549
0.114078
0.112497
0.110633
0.094164
0.117241
0.105756
0.125052
0.116734
0.092866
0.117925
0.109756
0.108095
0.098841
0.11181
0.116953
0.102756
0.113164
0.088103
0.098544
0.101326
0.123452
0.111253
0.134873
0.107547
0.110784
0.121297
0.112987
0.117945
0.114848
0.123006
0.128465
0.106188
0.102427
0.109637
0.110882
0.096929
0.128867
0.114986
0.113683
0.123853
0.119736
0.117098
0.110744
0.111603
0.109447
0.112789
0.113059
0.104119
0.121554
0.104447
0.096035
0.132303
0.10233
0.118233
0.105383
0.115952
0.141221
0.095937
0.109582
0.111295
0.100802
0.114871
0.111541
0.105951
0.124418
0.105371
0.104226
0.10853
0.131658
0.108145
0.109728
0.109797
0.116734
0.107633
0.113175
0.122553
0.111633
0.105066
0.114202
0.091599
0.111803
0.098373
0.118989
0.117652
0.116652
0.129833
0.097463
0.114622
0.12681
0.108462
0.144086
0.127699
0.113698
0.100689
0.107417
0.11806
0.095823
0.104776
0.104456
0.095684
0.106659
0.129662
0.110406
0.104334
0.119133
0.106422
0.10936
0.102188
0.111182
0.110483
0.124145
0.124535
0.124832
0.103538
0.098187
0.122211
0.116074
0.126827
0.116959
0.100375
0.097598
0.118198
0.101459
0.114352
0.124773
0.115412
0.111711
0.106475
0.102641
0.118889
0.1127
0.124586
0.11549
0.094945
0.103974
0.120524
0.083876
0.116538
0.108855
0.111291
0.123709
0.119181
0.114901
0.116945
0.120805
0.103144
0.109498
0.112588
0.099988
0.123305
0.123107
0.111642
0.112362
0.106916
0.133846
0.119259
0.113357
0.115283
0.11686
0.114085
0.114281
0.120892
0.111798
0.113548
0.12625
0.112496
0.111325
0.124157
0.11609
0.105587
0.075562
0.104566
0.098524
0.087697
0.084743
0.121134
0.11493
0.110813
0.10188
0.122116
0.120191
0.112804
0.113385
0.121475
0.12691
0.124387
0.124876
0.107855
0.107552
0.117151
0.112863
0.117285
0.106918
0.121099
0.123644
0.107602
0.106683
0.098996
0.102455
0.102164
0.103865
0.0992
0.10059
0.108557
0.128599
0.122262
0.108716
0.125478
0.125892
0.103042
0.103627
0.103933
0.108622
0.109791
0.117617
0.109245
0.125095
0.102651
0.120094
0.106768
0.121841
0.110327
0.117445
0.113304
0.102527
0.113389
0.123299
0.122036
0.116404
0.126092
0.095593
0.109425
0.109377
0.104296
0.106183
0.11451
0.114046
0.112722
0.118518
0.094945
0.107194
0.114823
0.125679
0.109369
0.109351
0.095937
0.117346
0.123532
0.112253
0.129668
0.097919
0.115284
0.110947
0.113978
0.114608
0.118409
0.113551
0.09503
0.101566
0.093476
0.117324
0.12182
0.130278
0.109196
0.098386
0.1026
0.121256
0.093667
0.131034
0.116708
0.11292
0.116675
0.109198
0.11618
0.108892
0.102981
0.095432
0.105336
0.111533
0.109469
0.127002
0.111654
0.115603
0.105493
0.11497
0.11472
0.106737
0.103616
0.1054
0.118674
0.115312
0.116419
0.122635
0.103956
0.127098
0.094585
0.131674
0.109048
0.114151
0.111791
0.117027
0.104507
0.107719
0.090947
0.128863
0.108558
0.096693
0.111572
0.122525
0.118556
0.108939
0.108751
0.125568
0.108537
0.10513
0.120008
0.103197
0.101486
0.112165
0.120046
0.091203
0.097085
0.096802
0.095529
0.119932
0.131553
0.109856
0.119467
0.111441
0.107675
0.093354
0.12604
0.10999
0.119661
0.125191
0.113191
0.115062
0.095597
0.104817
0.10331
0.110167
0.111669
0.093522
0.1224
0.124024
0.11741
0.098116
0.115395
0.106516
0.11347
0.112074
0.124184
0.107555
0.127252
0.115615
0.115927
0.100789
0.103564
0.100692
0.118837
0.112563
0.122031
0.124676
0.11829
0.118717
0.10751
0.118109
0.104584
0.123079
0.108418
0.100375
0.111248
0.110017
0.105077
0.099064
0.115521
0.121823
0.102296
0.100751
0.08937
0.114114
0.131686
0.114887
0.112274
0.100198
0.113003
0.105035
0.115889
0.127438
0.123897
0.104287
0.114116
0.095797
0.099232
0.124629
0.103615
0.118503
0.129701
0.110719
0.108486
0.132592
0.123272
0.110775
0.120334
0.114253
0.102685
0.109312
0.113898
0.104787
0.123113
0.103281
0.106972
0.111819
0.115309
0.118965
0.102681
0.104326
0.100617
0.103537
0.122935
0.111926
0.100278
0.112678
0.117318
0.116139
0.119186
0.109254
0.123087
0.10995
0.101998
0.113021
0.117767
0.120545
0.117214
0.132399
0.130276
0.101089
0.116088
0.105464
0.118668
0.099864
0.105905
0.116442
0.107318
0.115907
0.115065
0.098909
0.108898
0.097853
0.110197
0.110634
0.113551
0.112493
0.099607
0.109231
0.100334
0.111393
0.106793
0.139657
0.119062
0.124443
0.112333
0.117293
0.10952
0.105609
0.111987
0.125504
0.110926
0.119086
0.115192
0.108667
0.111695
0.126908
0.112929
0.125257
0.113234
0.108484
0.125256
0.120761
0.11105
0.115815
0.112173
0.123836
0.096226
0.109463
0.124803
0.120869
0.121539
0.12315
0.098454
0.110663
0.100658
0.11736
0.119422
0.112847
0.107054
0.102952
0.091075
0.108528
0.097901
0.105507
0.109696
0.141045
0.090608
0.14802
0.112772
0.11156
0.103632
0.114665
0.122881
0.109373
0.099595
0.111456
0.112655
0.120557
0.111745
0.094868
0.119186
0.110767
0.108125
0.100708
0.122005
0.133493
0.107257
0.106086
0.104895
0.099893
0.104733
0.08681
0.089906
0.093929
0.137338
0.110062
0.109114
0.117306
0.100322
0.099782
0.134023
0.101057
0.128521
0.118377
0.117995
0.131893
0.106632
0.109242
0.111571
0.100871
0.103655
0.108881
0.113284
0.108801
0.100347
0.128388
0.122002
0.113969
0.111346
0.102248
0.105861
0.115762
0.098562
0.107462
0.114977
0.100243
0.107545
0.122649
0.104186
0.118634
0.126705
0.099091
0.144162
0.106892
0.119499
0.119916
0.119984
0.122207
0.130356
0.11871
0.099897
0.113008
0.129022
0.098778
0.12231
0.104212
0.123654
0.100974
0.113574
0.102474
0.102884
0.123962
0.121082
0.116341
0.137899
0.11062
0.111261
0.100708
0.104377
0.102214
0.109853
0.105289
0.109123
0.10391
0.103452
0.093339
0.110326
0.112204
0.139519
0.10992
0.10175
0.125775
0.09514
0.093752
0.112951
0.099932
0.107302
0.116315
0.131197
